1220920200302
2721432915812109000000013203016032008
2721432915812194000000000433003042001
2721432915812199000000010592006042008
2721432915812313000000012303012052012
2721432915812398000000008273004062001
2721432915812406000000016023008062008
2721432915812421000000012103012062008
2721432915812472000000003603026062008
2721432915812483000000011813030062008
2721432915812488000000003773001072008
2721432915812529000000017873014072008
2721432915812539000000005562016072008
2721432915812569000000001013024072012
2721432915812576000000004473028072008
2721432915812577000000008481028072008
2721432915812577000000045383028072008
2721432915812596000000001772003082008
2721432915812598000000000642003082008
2721432915812602000000011943004082012
2721432915812607000000038443005082008
2721432915812616000000002543007082008
2721432915812638000000018633017082008
2721432915812649000000010742021082008
2721432915812649000000017283021082005
2721432915812651000000009523021082005
2721432915812665000000025613025082008
2721432915812665000000026213025082008
2721432915812680000000011213028082005
2721432915812722000000010083010092008
2721432915812722000000010923010092001
2721432915812724000000000831010092001
2721432915812725000000000073011092001
2721432915812734000000006151015092001
2721432915812734000000013182015092001
2721432915812737000000016983016092002
2721432915812741000000010802017092003
2721432915812741000000025803017092003
2721432915855499000000004953010072008
2721432915855554000000004143024072008
2721432915855554000000006242024072008
2721432915855622000000003382011082001
2721432915855648000000002943018082008
2721432915855665000000005423021082008
2721432915855671000000001962024082008
2721432915855671000000003503024082003
2721432915855680000000006703026082005
2721432915855686000000004493026082008
2721432915855745000000004973016092003
2721432915858243000000008773031072008
2721432915858294000000000143007082005
2721432915858315000000001793011082008
2721432915858360000000001703017082008
2721432915858405000000009573025082003
2721432915858436000000003433027082008
2721432915858436000000004493027082012
2721432915858549000000000063015092003
2721432915858570000000000302016092001
2721432915858598000000000483018062008
2721432915858617000000010633020032008
2721432915860039000000027013006072008
2721432915860101000000007621014072001
2721432915860107000000000453015072008
2721432915860139000000014993021012005
2721432915860162000000010613022072008
2721432915860173000000000473023072008
2721432915860174000000010703023072008
2721432915860174000000013303023072008
2721432915860184000000038433024072008
2721432915860194000000017053027072008
2721432915860201000000000393028072008
2721432915860204000000018903028072008
2721432915860242000000029673006052008
2721432915860247000000042773003082008
2721432915860247000000042783003082008
2721432915860257000000016313004082008
2721432915860257000000017453004082008
2721432915860277000000000853006082008
2721432915860278000000009932006082008
2721432915860293000000000273010082008
2721432915860330000000017553013082008
2721432915860330000000019213013082008
2721432915860340000000013412014082008
2721432915860340000000018453014082008
2721432915860340000000034753014082008
2721432915860348000000000213019082008
2721432915860362000000010673020082005
2721432915860362000000018503020082008
2721432915860364000000000231020082012
2721432915860377000000028663021082008
2721432915860390000000021123025082008
2721432915860390000000023613025082001
2721432915860392000000000403025082008
2721432915860399000000000193026082005
2721432915860429000000000213028082008
2721432915860448000000021433001092001
2721432915860475000000016843008062008
2721432915860503000000023013010092003
2721432915860513000000016232014092005
2721432915860513000000021823014092003
2721432915860513000000021883014092003
2721432915860513000000035043014092002
2721432915860527000000019003015092005
2721432915860527000000022323015092001
2721432915860538000000005252016092001
2721432915860538000000020253016092011
2721432915860540000000010653017032008
2721432915860550000000016293017062001
2721432915860561000000007321018092002
2721432915860562000000000021018092001
2721432915860595000000070413026121901
2721432915860613000000015873026032008
2721432915860614000000017993026062008
2721432915860624000000014333029062008
310000000113
