1210820200302
2721432915812324000000011453013052008
2721432915812363000000017913027052008
2721432915812423000000004533012062008
2721432915812455000000001082024062001
2721432915812489000000003031001072008
2721432915812508000000004203007072008
2721432915812509000000010642007072008
2721432915812514000000022593008072008
2721432915812520000000000702010072008
2721432915812539000000021353016072011
2721432915812539000000025693016072008
2721432915812555000000002172021072001
2721432915812557000000009152022072008
2721432915812561000000004283023072008
2721432915812562000000006132023072008
2721432915812588000000000933030072001
2721432915812601000000001032004082001
2721432915812603000000000191004082005
2721432915812617000000017463007082003
2721432915812620000000001483010082012
2721432915812628000000011393011082005
2721432915812628000000018893011082003
2721432915812638000000011452017082001
2721432915812643000000010372014082005
2721432915812643000000010802014082012
2721432915812643000000011272014082005
2721432915855462000000001623003072005
2721432915855527000000005163020072008
2721432915855543000000007273022072008
2721432915855548000000002302022072008
2721432915855548000000002322022072008
2721432915855561000000002423027072008
2721432915855606000000003933006082001
2721432915855643000000010313017082001
2721432915855702000000003503009062008
2721432915857757000000000413031072003
2721432915858008000000008373001072008
2721432915858027000000000243003072008
2721432915858086000000000441010072008
2721432915858115000000000433015072012
2721432915858127000000004092015072008
2721432915858127000000005062015072001
2721432915858161000000000212021072001
2721432915858162000000007283021072008
2721432915858192000000009682024072008
2721432915858192000000013393024072002
2721432915858192000000016933024072008
2721432915858192000000017343024072008
2721432915858214000000002632028072008
2721432915858214000000008383028072005
2721432915858243000000008333031072002
2721432915858248000000006833031072011
2721432915858294000000000153007082005
2721432915858298000000003702007082005
2721432915858298000000004723011052008
2721432915858315000000001803011082003
2721432915858323000000000202011082001
2721432915858357000000004982014082005
2721432915858357000000012943014082001
2721432915858403000000007423019022003
2721432915858482000000002073003062005
2721432915858658000000043203029062008
2721432915858658000000045353029062008
2721432915858661000000005793026032008
2721432915860039000000023663006072003
2721432915860044000000000143003072001
2721432915860049000000023333007072008
2721432915860057000000000483008072008
2721432915860067000000000523008072008
2721432915860081000000000563010072008
2721432915860083000000024903010072008
2721432915860089000000000443013072008
2721432915860089000000000453013072008
2721432915860093000000012853013072008
2721432915860101000000017003014072008
2721432915860111000000010003015072008
2721432915860111000000017092015072008
2721432915860121000000004672015072008
2721432915860133000000000723017072008
2721432915860133000000000733017072008
2721432915860133000000000783017072008
2721432915860140000000002093020072008
2721432915860143000000004963020072008
2721432915860143000000018143020072008
2721432915860143000000020123020072008
2721432915860143000000020453020072008
2721432915860153000000020143021072008
2721432915860158000000001143022042008
2721432915860162000000012712022072008
2721432915860174000000000111023072001
2721432915860174000000002673023072008
2721432915860174000000011653023072008
2721432915860174000000012583023072008
2721432915860174000000013193023072008
2721432915860184000000027773024072008
2721432915860184000000043813024072008
2721432915860184000000046053024072008
2721432915860184000000046063024072008
2721432915860184000000046073024072008
2721432915860191000000000383027072001
2721432915860194000000019003027072008
2721432915860194000000019823027072008
2721432915860214000000011203029072005
2721432915860237000000015213031072011
2721432915860237000000015893031072008
2721432915860247000000025173003082005
2721432915860257000000016613004082011
2721432915860265000000005153005082011
2721432915860265000000018613005082001
2721432915860278000000005613006082001
2721432915860278000000014403006082003
2721432915860278000000022333006082012
2721432915860282000000012153007082011
2721432915860282000000019093007082003
2721432915860292000000018363012052008
2721432915860297000000015563010082001
2721432915860308000000013532011082001
2721432915860308000000022593011082001
2721432915860317000000002793012082001
2721432915860317000000004083012082005
2721432915860317000000011763012082001
2721432915860317000000012653012082003
2721432915860330000000007122013082005
2721432915860330000000011093013082002
2721432915860330000000016323013082005
2721432915860330000000019853013082002
2721432915860330000000020023013082001
2721432915860340000000005423014082002
2721432915860351000000005001019082003
2721432915860499000000017233010062008
2721432915860499000000017243010062008
2721432915860522000000010702015062005
2721432915860539000000010372016062008
2721432915860539000000022803016062008
310000000134
