1310720200304
2721432915811971000000000581010022001
2721432915812073000000024293006032001
2721432915812151000000016183025032001
2721432915812270000000002641024042008
2721432915812309000000044203011052001
2721432915812325000000001103013052001
2721432915812344000000014083020052008
2721432915812348000000012583021052008
2721432915812386000000003273002062008
2721432915812411000000012063009062003
2721432915812426000000003501015062008
2721432915812427000000003811015062008
2721432915812427000000004211015062001
2721432915812432000000003872016062008
2721432915812434000000021133017062001
2721432915812434000000027633017062008
2721432915812447000000030323022062008
2721432915812447000000031443022062008
2721432915812457000000011503024062008
2721432915812457000000012163024062003
2721432915812466000000004263026062001
2721432915812469000000002293026062008
2721432915812473000000014723026062008
2721432915812483000000012173030062008
2721432915812483000000014053030062008
2721432915812488000000001662001072008
2721432915812489000000004252001072008
2721432915812489000000012553001072005
2721432915812493000000004323002072008
2721432915812499000000024003003072008
2721432915812504000000008033006072001
2721432915812513000000002543008072008
2721432915812519000000008242010072008
2721432915812519000000017463010072003
2721432915812522000000003343013072005
2721432915812523000000009293013072001
2721432915812523000000015523013072012
2721432915812524000000000593013072003
2721432915812534000000015103015072005
2721432915812538000000003643016072012
2721432915812538000000003653016072012
2721432915812539000000025653016072008
2721432915812539000000025663016072008
2721432915812543000000001271016072005
2721432915812543000000010763016072005
2721432915812547000000005363017072005
2721432915812549000000009083017072002
2721432915812554000000001843021072003
2721432915812557000000001991022072001
2721432915812557000000006882022072001
2721432915812557000000010712022072005
2721432915812557000000012433022072001
2721432915812558000000000371022072012
2721432915812562000000012023023072002
2721432915812562000000014683023072011
2721432915812562000000015503023072003
2721432915812562000000018193023072002
2721432915812564000000000572023072012
2721432915812566000000004483024072001
2721432915812571000000003443027072003
2721432915812572000000007103027072003
2721432915812572000000008933027072003
2721432915812576000000002262028072001
2721432915812577000000001601028072003
2721432915812577000000003261028072012
2721432915812577000000005041028072005
2721432915812577000000008141028072006
2721432915812577000000008151028072006
2721432915812577000000008161028072006
2721432915812582000000003151029072012
2721432915855519000000001843015072001
2721432915855543000000004173022072001
2721432915855543000000004821022072005
2721432915855543000000005562022072001
2721432915855548000000001673022072003
2721432915855548000000003153022072001
2721432915855548000000003593022072001
2721432915855554000000003973024072003
2721432915855561000000000452027072005
2721432915855561000000004683027072003
2721432915855787000000004052030062008
2721432915857754000000004523015042008
2721432915858008000000013903001072008
2721432915858028000000003183003072005
2721432915858049000000008413007072001
2721432915858119000000001393015072003
2721432915858127000000008493015072002
2721432915858142000000000483020072001
2721432915858162000000004312021072005
2721432915858162000000005753021072005
2721432915858168000000000763022072001
2721432915858168000000001942022072005
2721432915858179000000000893023072001
2721432915858188000000000403024072003
2721432915858192000000002832024072012
2721432915858192000000010963024072011
2721432915858192000000011033024072002
2721432915858192000000015403024072002
2721432915858192000000016223024072003
2721432915858192000000018763024072003
2721432915858192000000018833024072002
2721432915858250000000000993005052008
2721432915858270000000005783004022008
2721432915858300000000001813011052008
2721432915858407000000011073027052008
2721432915858583000000006963016062008
2721432915858596000000000833017062008
2721432915858603000000000293019062001
2721432915858657000000001243025062008
2721432915858658000000036703029062008
2721432915858658000000037113029062005
2721432915858658000000038863029062008
2721432915858658000000046173029062008
2721432915858665000000006803026062008
2721432915860013000000000263001072008
2721432915860013000000000273001072008
2721432915860018000000024673001072005
2721432915860018000000025293001072008
2721432915860018000000025653001072008
2721432915860021000000000011002072005
2721432915860025000000000913003072008
2721432915860029000000001963003072008
2721432915860039000000029673006072008
2721432915860049000000020063007072003
2721432915860049000000021073007072008
2721432915860071000000017823008072001
2721432915860083000000020133010072003
2721432915860086000000000081010072001
2721432915860112000000001153015072011
2721432915860114000000000011015072005
2721432915860121000000020803015072005
2721432915860133000000001053017072002
2721432915860143000000018163020072005
2721432915860143000000019963020072011
2721432915860143000000020093020072011
2721432915860149000000000822021072001
2721432915860162000000002903022072011
2721432915860162000000010233022072002
2721432915860162000000010453022072005
2721432915860162000000010573022072005
2721432915860184000000014121024072012
2721432915860184000000014351024072001
2721432915860184000000017202024072003
2721432915860184000000025993024072003
2721432915860184000000030273024072001
2721432915860184000000031243024072003
2721432915860184000000033403024072002
2721432915860184000000037643024072005
2721432915860184000000040503024072003
2721432915860184000000041233024072001
2721432915860184000000043003024072003
2721432915860191000000000513027072001
2721432915860194000000006911027072005
2721432915860204000000005173028072001
2721432915860204000000005311028072012
2721432915860204000000017303028072003
2721432915860242000000043723006052008
2721432915860274000000010523011052008
2721432915860360000000013963019022008
2721432915860420000000001123029052008
2721432915860592000000010313024062008
2721432915860592000000014943024062008
2721432915860602000000018223024062008
2721432915860610000000000853026062008
2721432915860624000000007772029062008
2721432915860624000000013233029062008
310000000166
