1171020200304
2721432915810036000000001231027071701
2721432915811000000000031903028051901
2721432915812319000000005032012052005
2721432915812355000000000201022052001
2721432915812543000000006372016072008
2721432915812552000000004043020072001
2721432915812577000000020422028072008
2721432915812593000000005303031072008
2721432915812596000000005073003082008
2721432915812607000000035683005082005
2721432915812633000000008762012082001
2721432915812637000000004553017082008
2721432915812647000000000411021082012
2721432915812647000000018953021082008
2721432915812648000000000271021082005
2721432915812649000000017993021082008
2721432915812651000000011063021082008
2721432915812660000000014043024082001
2721432915812660000000014263024082008
2721432915812665000000005141025082006
2721432915812678000000000571028082005
2721432915812685000000003021031082001
2721432915812691000000002553001092001
2721432915812695000000010683002092003
2721432915812713000000009782008092008
2721432915812713000000015573008092008
2721432915812717000000011382009092001
2721432915812717000000022383009092008
2721432915812717000000034393009092010
2721432915812718000000004153009092003
2721432915812723000000000753010092012
2721432915812724000000007213010092005
2721432915812724000000007223010092005
2721432915812724000000007233010092005
2721432915812728000000008122011092005
2721432915812735000000003862015092008
2721432915812737000000016543016092008
2721432915812741000000002751017092001
2721432915812741000000021253017092011
2721432915812746000000022863018092008
2721432915812751000000023343021092012
2721432915812755000000000301022092001
2721432915812757000000009932022092012
2721432915812761000000004312023092001
2721432915812766000000000071024092001
2721432915812776000000020203028092010
2721432915812779000000000681029092001
2721432915812785000000000411001102005
2721432915812785000000003073001102002
2721432915812786000000008342001102003
2721432915812786000000009403001102012
2721432915812792000000000581002102005
2721432915812792000000015543002102001
2721432915812795000000004333005102001
2721432915812796000000001411005102012
2721432915812796000000002081005102005
2721432915812802000000002913006102003
2721432915812803000000000261007102001
2721432915812804000000000913007102005
2721432915812810000000004663008102001
2721432915812811000000009992008102005
2721432915812811000000015223008102005
2721432915812811000000019373008102003
2721432915812816000000002041009102001
2721432915812816000000003161009102001
2721432915812816000000012903009102011
2721432915812816000000012943009102001
2721432915812816000000012953009102001
2721432915812819000000000812013102001
2721432915812821000000003471013102003
2721432915812821000000010462013102001
2721432915812821000000010882013102003
2721432915812821000000016633013102003
2721432915812821000000018003013102003
2721432915812821000000025713013102003
2721432915812822000000000151013102002
2721432915812825000000003503014102003
2721432915812826000000004701014102007
2721432915812826000000005191014102003
2721432915855467000000001123006102001
2721432915855471000000002443007102001
2721432915855474000000000012008102001
2721432915855476000000002953008102001
2721432915855483000000003012009102001
2721432915855491000000004373013102003
2721432915855495000000000691014102003
2721432915855495000000000941014102003
2721432915855548000000003163022072001
2721432915855554000000007763024072008
2721432915855566000000003093028072008
2721432915855627000000003143012082003
2721432915855627000000006483012082008
2721432915855632000000002963013082001
2721432915855648000000001523018082002
2721432915855665000000007553021082008
2721432915855665000000008273021082005
2721432915855671000000003603024082008
2721432915855680000000002783026082008
2721432915855687000000000031028082001
2721432915855691000000000431028082001
2721432915855691000000006043028082008
2721432915855691000000009383028082008
2721432915855701000000002623001092008
2721432915855707000000005533002092003
2721432915855745000000004203016092001
2721432915855745000000005503016092008
2721432915855753000000009863028111905
2721432915855766000000002523021092008
2721432915855790000000003432025092005
2721432915855795000000001473028092011
2721432915855795000000002093028092003
2721432915855799000000005323029092001
2721432915855890000000009783027121905
2721432915858076000000000261009102008
2721432915858091000000000131014102012
2721432915858109000000000053014102001
2721432915858207000000000313028072008
2721432915858207000000000323028072008
2721432915858280000000000303005082001
2721432915858298000000007363007082008
2721432915858298000000009123007082008
2721432915858298000000009133007082008
2721432915858405000000010253025082001
2721432915858439000000010443028082011
2721432915858439000000010453028082011
2721432915858440000000008712028082008
2721432915858440000000014843028082001
2721432915858527000000000523010092008
2721432915858570000000000292016092008
2721432915858570000000000833016092008
2721432915858616000000000523023092008
2721432915858628000000000623023092008
2721432915858668000000000823029092001
2721432915860013000000000143001072008
2721432915860013000000019113002102001
2721432915860023000000028023002102008
2721432915860023000000031823002102003
2721432915860029000000000083005102001
2721432915860033000000005501005102012
2721432915860033000000008262005102001
2721432915860033000000009292005102002
2721432915860033000000019413005102002
2721432915860043000000007921006102001
2721432915860043000000008982006102005
2721432915860043000000013682006102001
2721432915860043000000021123006102002
2721432915860043000000022723006102011
2721432915860043000000022793006102002
2721432915860043000000023193006102003
2721432915860043000000026443006102001
2721432915860048000000000561007102001
2721432915860048000000001173007102001
2721432915860056000000005962007102001
2721432915860067000000008851008102001
2721432915860067000000010542008102005
2721432915860067000000018103008102001
2721432915860067000000029032008102005
2721432915860070000000000702009102001
2721432915860074000000000223009102003
2721432915860100000000014713014042005
2721432915860102000000000151014102007
2721432915860103000000001573014072005
2721432915860109000000006211014102012
2721432915860109000000020253014102003
2721432915860153000000017613021072012
2721432915860182000000000323024072008
2721432915860246000000000423003082008
2721432915860247000000016772003082001
2721432915860247000000044273003082008
2721432915860265000000016083005082003
2721432915860269000000000273005082008
2721432915860297000000020653010082005
2721432915860308000000025363011082008
2721432915860340000000012982014082008
2721432915860340000000023303014082003
2721432915860340000000033763014082008
2721432915860360000000000423020082008
2721432915860362000000009032020082001
2721432915860364000000000433020082008
2721432915860371000000000603021082008
2721432915860371000000000983021082008
2721432915860377000000019393021082008
2721432915860377000000022703021082003
2721432915860377000000025383021082008
2721432915860390000000014323025082012
2721432915860390000000017383025082005
2721432915860402000000004153027022013
2721432915860408000000005111026082005
2721432915860410000000000472026082005
2721432915860430000000023553028082008
2721432915860430000000026101028082003
2721432915860430000000027433028082008
2721432915860439000000006031031082001
2721432915860439000000019313031082012
2721432915860439000000019723031082008
2721432915860441000000002143001092008
2721432915860441000000002153001092008
2721432915860445000000000103001092008
2721432915860445000000000113001092008
2721432915860445000000000343001092008
2721432915860448000000005573001092008
2721432915860448000000028593001092008
2721432915860450000000000963002092008
2721432915860456000000003853002092008
2721432915860462000000001993003092008
2721432915860462000000002003003092008
2721432915860462000000002013003092008
2721432915860462000000002023003092008
2721432915860466000000000143003092008
2721432915860466000000000623003092008
2721432915860466000000000633003092008
2721432915860466000000000813003092008
2721432915860466000000001002003092008
2721432915860469000000008332003092008
2721432915860469000000018653003092008
2721432915860469000000019093003092008
2721432915860472000000000883004092008
2721432915860472000000001893004092008
2721432915860472000000001903004092008
2721432915860472000000001913004092008
2721432915860479000000001873008092011
2721432915860484000000000483008092011
2721432915860484000000000503008092008
2721432915860486000000010402008092003
2721432915860494000000000501009092005
2721432915860503000000024763010092008
2721432915860509000000011863010092003
2721432915860509000000012723010092003
2721432915860509000000014893010092001
2721432915860509000000015243010092008
2721432915860511000000001063011092012
2721432915860517000000000443014092001
2721432915860527000000007171015092005
2721432915860527000000010912015092001
2721432915860532000000000673015092008
2721432915860532000000017263016062001
2721432915860538000000004983016092008
2721432915860538000000013772016092008
2721432915860538000000015283016092008
2721432915860538000000021713016092005
2721432915860538000000024833016092005
2721432915860538000000026313016092008
2721432915860538000000027673016092008
2721432915860538000000029003016092008
2721432915860538000000029663016092008
2721432915860544000000000243016092008
2721432915860556000000000113017092008
2721432915860556000000000613017092008
2721432915860561000000025243018092008
2721432915860561000000026003018092008
2721432915860569000000021593021092008
2721432915860579000000006842022092008
2721432915860579000000014843022092003
2721432915860590000000008412023092008
2721432915860590000000025053023092010
2721432915860590000000025722023092008
2721432915860600000000006882023092005
2721432915860608000000001053024092012
2721432915860649000000009383030092001
2721432915860649000000011743030092011
2721432915860649000000012453030092008
2721432915860649000000012473030092005
2721432915860649000000013443030092001
310000000263
