1050920200302
2721432915812193000000002351003042005
2721432915812361000000003003027052005
2721432915812388000000009513002062001
2721432915812432000000004362016062008
2721432915812463000000014363025062008
2721432915812513000000000752008072008
2721432915812543000000009393016072008
2721432915812549000000010833017072008
2721432915812562000000020453023072008
2721432915812577000000043583028072008
2721432915812593000000004212031072008
2721432915812602000000012903004082008
2721432915812622000000016933010082008
2721432915812622000000024423010082008
2721432915812628000000011443011082005
2721432915812633000000008602012082003
2721432915812643000000018583014082001
2721432915812649000000029343021082003
2721432915812660000000012903024082001
2721432915812670000000023633026082012
2721432915812690000000009202001092003
2721432915812690000000022813001092003
2721432915812690000000022823001092002
2721432915812691000000000451001092001
2721432915812693000000000141002092012
2721432915812700000000002601003092005
2721432915855473000000009423007072008
2721432915855479000000005222008072008
2721432915855514000000001593015072001
2721432915855561000000001993027072008
2721432915855570000000001583029072005
2721432915855590000000001013003082005
2721432915855590000000001483003082008
2721432915855596000000006243004082008
2721432915855601000000002593005082008
2721432915855606000000001123006082008
2721432915855606000000001163006082008
2721432915855627000000002843012082001
2721432915855643000000001812017082012
2721432915855643000000011233017082005
2721432915855648000000000723018082001
2721432915855648000000003933018082001
2721432915855671000000001331024082001
2721432915855680000000007623026082001
2721432915855691000000012433028082005
2721432915858049000000003272007072008
2721432915858202000000005913027072008
2721432915858243000000004302031072008
2721432915858252000000000103003082008
2721432915858254000000002123003082008
2721432915858270000000000713004082008
2721432915858298000000008833007082008
2721432915858298000000009593007082008
2721432915858313000000005883010082008
2721432915858315000000001593011082008
2721432915858384000000002292020082001
2721432915858395000000006522021082001
2721432915858412000000000703027052008
2721432915858422000000007743026082001
2721432915858436000000004223027082002
2721432915858439000000000573028082005
2721432915858440000000009572028082001
2721432915858440000000019633028082003
2721432915858449000000002873028082003
2721432915860049000000009972007072008
2721432915860049000000014213007072008
2721432915860071000000015543008072008
2721432915860074000000001013009072008
2721432915860101000000014203014072008
2721432915860121000000024333015072008
2721432915860153000000018103021072008
2721432915860162000000009283022072008
2721432915860173000000000373023072008
2721432915860174000000009383023072008
2721432915860184000000030243024072008
2721432915860184000000035263024072008
2721432915860184000000040583024072008
2721432915860194000000004873027072008
2721432915860210000000001323029072008
2721432915860213000000000483029072008
2721432915860214000000014863029072008
2721432915860214000000014993029072008
2721432915860226000000001703030072008
2721432915860226000000008273030072008
2721432915860237000000010123031072008
2721432915860247000000042363003082008
2721432915860247000000042793003082008
2721432915860247000000043713003082008
2721432915860247000000043733003082008
2721432915860257000000009362004082008
2721432915860265000000020703005082008
2721432915860265000000020853005082008
2721432915860270000000020283005082008
2721432915860278000000026023006082008
2721432915860282000000014813007082008
2721432915860282000000014883007082008
2721432915860282000000021613007082008
2721432915860297000000020323010082008
2721432915860308000000022543011082008
2721432915860308000000031013011082008
2721432915860330000000004891013082012
2721432915860330000000004901013082012
2721432915860340000000028883014082005
2721432915860340000000033542014082003
2721432915860377000000014212021082005
2721432915860439000000015483031082003
2721432915860439000000017523031082002
2721432915860451000000000351002092001
2721432915860451000000000361002092001
2721432915860463000000002113005062008
2721432915860499000000013233010062008
2721432915860560000000011953018032008
310000000112
