1200820200302
2721432915811852000000051763015012008
2721432915812303000000012923008052008
2721432915812309000000005631011052012
2721432915812327000000004673014052008
2721432915812363000000011223027052006
2721432915812423000000001342012062008
2721432915812434000000018713017062008
2721432915812443000000011023018062006
2721432915812451000000002213023062005
2721432915812453000000002513023062006
2721432915812472000000000902026062008
2721432915812473000000009873026062006
2721432915812478000000002731029062012
2721432915812484000000000982030062008
2721432915812499000000014613003072008
2721432915812502000000001393006072002
2721432915812529000000018493014072005
2721432915812539000000008962016072008
2721432915812549000000001391017072001
2721432915812549000000004782017072008
2721432915812552000000002732020072001
2721432915812557000000006612022072008
2721432915812562000000014743023072006
2721432915812562000000016163023072008
2721432915812571000000002423027072008
2721432915812587000000015733030072003
2721432915812592000000014013031072005
2721432915812601000000000641004082005
2721432915812607000000031233005082002
2721432915812609000000000301005082005
2721432915812617000000007302007082001
2721432915812617000000012183007082003
2721432915812622000000019193010082001
2721432915812628000000010613011082003
2721432915812633000000006652012082012
2721432915812633000000007402012082001
2721432915812633000000021173012082005
2721432915812643000000019713014082003
2721432915812643000000024413014082005
2721432915855473000000004713007072008
2721432915855479000000006633008072008
2721432915855527000000001313020072008
2721432915855543000000006523022072008
2721432915855548000000003743022072008
2721432915855548000000004183022072008
2721432915855554000000000911024072001
2721432915855596000000006043004082003
2721432915855611000000001091007082005
2721432915855627000000006903012082003
2721432915855632000000000813013082005
2721432915855787000000007763030062005
2721432915858003000000000522001072008
2721432915858018000000005903001072006
2721432915858049000000008603007072008
2721432915858118000000000483015072008
2721432915858119000000001112015072008
2721432915858127000000005392015072008
2721432915858133000000000393017072002
2721432915858192000000015973024072008
2721432915858202000000004663027072008
2721432915858243000000007503031072001
2721432915858256000000014133006052008
2721432915858265000000000503004082005
2721432915858288000000000553006082003
2721432915858288000000000563006082003
2721432915858298000000001653007082003
2721432915858315000000001753011082008
2721432915858335000000009122012082001
2721432915858346000000000162013082001
2721432915858346000000001173013082011
2721432915858346000000004253013082002
2721432915858346000000004793013082003
2721432915858357000000001703014082005
2721432915858357000000006322014082002
2721432915858357000000006332014082003
2721432915858357000000008613014082002
2721432915858357000000010153014082002
2721432915858485000000000133003062005
2721432915858618000000009833022062008
2721432915858658000000029823029062008
2721432915858658000000053033029062008
2721432915858689000000003453030062008
2721432915860018000000006263001072008
2721432915860029000000009223003072008
2721432915860029000000009263003072008
2721432915860049000000005573007072008
2721432915860049000000024213007072008
2721432915860071000000019323008072008
2721432915860083000000024733010072008
2721432915860089000000000423013072008
2721432915860093000000012433013072008
2721432915860101000000023883014072008
2721432915860121000000014593015072008
2721432915860121000000024893015072008
2721432915860121000000024903015072008
2721432915860121000000025033015072008
2721432915860124000000000592016072008
2721432915860126000000016703017042008
2721432915860133000000001093017072008
2721432915860133000000001123017072008
2721432915860140000000001402020072008
2721432915860143000000017203020072008
2721432915860153000000004663021072008
2721432915860153000000008402021072012
2721432915860174000000005982023072008
2721432915860182000000000173024072008
2721432915860182000000000183024072008
2721432915860184000000009933024072008
2721432915860184000000010163024072003
2721432915860194000000004883027072003
2721432915860202000000001343028072001
2721432915860237000000006292031072005
2721432915860237000000015233031072002
2721432915860237000000018533031072003
2721432915860247000000022252003082001
2721432915860247000000035183003082003
2721432915860257000000010933004082001
2721432915860265000000018313005082001
2721432915860270000000014613005082008
2721432915860278000000013263006082008
2721432915860278000000019063006082005
2721432915860292000000001713010082005
2721432915860308000000006753011082001
2721432915860308000000028493011082003
2721432915860317000000011593012082003
2721432915860317000000023293012082002
2721432915860322000000000012013082001
2721432915860340000000000502014082001
2721432915860340000000016052014082002
2721432915860340000000018103014082002
2721432915860340000000028833014082003
2721432915860340000000028843014082003
2721432915860340000000028853014082002
2721432915860340000000029173014082005
2721432915860341000000000581017082001
2721432915860355000000000723021052003
2721432915860475000000003552008062008
2721432915860475000000003773008062008
2721432915860478000000001153008062006
2721432915860516000000000633015062008
2721432915860541000000000183017062006
2721432915860544000000000333017062006
2721432915860546000000000443017062008
2721432915860553000000000923018062008
2721432915860562000000015403019062003
2721432915860572000000003543022062005
2721432915860624000000003173029062008
2721432915860633000000014313030062008
2721432915860633000000017963030062008
310000000149
