1211120200303
2721432915812468000000014453026062008
2721432915812478000000022033029062008
2721432915812488000000004543001072008
2721432915812597000000007433003082003
2721432915812643000000014433014082008
2721432915812651000000012613021082003
2721432915812665000000021523025082008
2721432915812685000000004021031082008
2721432915812695000000012793002092008
2721432915812713000000016063008092008
2721432915812722000000017763010092001
2721432915812795000000004213005102008
2721432915812797000000001833005102005
2721432915812801000000022143006102003
2721432915812802000000003483006102008
2721432915812811000000017973008102008
2721432915812816000000011263009102005
2721432915812816000000012583009102008
2721432915812818000000002073013102001
2721432915812819000000003373013102008
2721432915812825000000001102014102008
2721432915812831000000020283015102005
2721432915812844000000023103019102003
2721432915812850000000016013020102011
2721432915812854000000005123021102011
2721432915812854000000005303021102008
2721432915812855000000020583021102008
2721432915812864000000004983023102008
2721432915812866000000001053026102001
2721432915812867000000021113026102001
2721432915812867000000021963026102008
2721432915812870000000000083027102008
2721432915812871000000003903027102008
2721432915812873000000011503027102003
2721432915812883000000011763029102001
2721432915812898000000002911004112012
2721432915812898000000031693004112003
2721432915812901000000000592005112001
2721432915812902000000003853005112012
2721432915812909000000031933006112003
2721432915812914000000001823009112005
2721432915812915000000021363009112003
2721432915812915000000024833009112005
2721432915812917000000003392009112005
2721432915812922000000019713010112005
2721432915812922000000019923010112005
2721432915812922000000022133010112011
2721432915812927000000009693011112005
2721432915812937000000003591013112012
2721432915812937000000022763013112005
2721432915812937000000024563013112001
2721432915812942000000000581016112005
2721432915812942000000008882016112007
2721432915812942000000017163016112003
2721432915812942000000020693016112002
2721432915812945000000003823016112002
2721432915812945000000003943016112012
2721432915812945000000005473016112002
2721432915812945000000005483016112002
2721432915812950000000000611017112001
2721432915812950000000006003017112003
2721432915812952000000018053017112002
2721432915812953000000000041017112012
2721432915812953000000002173017112002
2721432915812962000000001171019112012
2721432915812962000000001201019112012
2721432915812962000000001391019112003
2721432915812962000000002421019112005
2721432915855461000000004543005102008
2721432915855471000000007273007102008
2721432915855495000000008133014102008
2721432915855506000000001343015102008
2721432915855513000000001983019102008
2721432915855513000000007063019102008
2721432915855526000000011403021102005
2721432915855554000000005243024072003
2721432915855568000000007613003112003
2721432915855573000000006583005112005
2721432915855580000000006643006112001
2721432915855589000000006003009112002
2721432915855591000000005053011112012
2721432915855600000000005973011112005
2721432915855607000000008113013112002
2721432915855607000000009153013112003
2721432915855612000000006343013112005
2721432915855612000000006543013112001
2721432915855618000000001093016112002
2721432915855618000000003583016112001
2721432915855618000000005003016112001
2721432915855622000000004303017112003
2721432915855626000000003363018112003
2721432915855626000000004041018112012
2721432915855626000000008263018112003
2721432915855665000000003023021082008
2721432915855701000000002953001092003
2721432915855788000000004123025092008
2721432915855788000000008843025092005
2721432915855795000000005853028092001
2721432915855795000000006803028092008
2721432915857751000000000013010072008
2721432915858141000000000833020102008
2721432915858188000000000803026102005
2721432915858279000000001263006112001
2721432915858359000000000433017112003
2721432915858360000000001293017082008
2721432915858395000000010213021082011
2721432915860023000000028963002102001
2721432915860023000000030593002102008
2721432915860023000000031813002102008
2721432915860023000000032053002102008
2721432915860023000000032483002102008
2721432915860033000000009752005102008
2721432915860033000000019322005102008
2721432915860033000000019623005102008
2721432915860036000000000873006102003
2721432915860039000000027503006072001
2721432915860039000000032393006072008
2721432915860053000000000113007102008
2721432915860067000000022603008102008
2721432915860067000000024833008102008
2721432915860083000000023933010072008
2721432915860085000000000523013102003
2721432915860085000000000743013102008
2721432915860097000000005881014102001
2721432915860097000000025793014102008
2721432915860109000000016583014102008
2721432915860126000000003843019102008
2721432915860126000000004113019102003
2721432915860126000000011923019102008
2721432915860148000000004983021102008
2721432915860148000000005003021102008
2721432915860163000000000573022102008
2721432915860165000000005811022102012
2721432915860165000000025743022102008
2721432915860173000000000553023102008
2721432915860173000000001773023102008
2721432915860176000000014903023102008
2721432915860176000000017023023102008
2721432915860176000000017923023102008
2721432915860176000000019003023102008
2721432915860176000000023813023102008
2721432915860184000000000303026102008
2721432915860184000000000713026102008
2721432915860191000000002383027072008
2721432915860208000000009413028102008
2721432915860208000000009593028102003
2721432915860208000000010043028102001
2721432915860208000000010273028102001
2721432915860208000000010523028102001
2721432915860250000000007173004112003
2721432915860257000000018543004082008
2721432915860262000000007673005112008
2721432915860269000000024463006112005
2721432915860269000000026393006112008
2721432915860269000000030183006112003
2721432915860278000000016853006082008
2721432915860284000000008552009112012
2721432915860284000000018583009112005
2721432915860284000000021733009112001
2721432915860284000000023423009112003
2721432915860284000000026893009112003
2721432915860294000000012463010112005
2721432915860294000000013023010112008
2721432915860314000000019003011112003
2721432915860314000000019043011112002
2721432915860314000000022993011112003
2721432915860314000000025083011112003
2721432915860314000000025432011112001
2721432915860329000000000333013112003
2721432915860332000000001133016112003
2721432915860332000000001663016112002
2721432915860337000000006481016112001
2721432915860337000000011372016112001
2721432915860337000000015153016112011
2721432915860337000000015323016112005
2721432915860337000000019053016112008
2721432915860337000000020243016112002
2721432915860337000000022933016112002
2721432915860337000000024233016112003
2721432915860337000000024253016112002
2721432915860337000000024283016112001
2721432915860337000000024533016112003
2721432915860340000000000553016112005
2721432915860351000000013093019082003
2721432915860359000000007961018112003
2721432915860361000000001043018112003
2721432915860369000000016011018112012
2721432915860472000000002083004092008
2721432915860527000000021583015092001
2721432915860624000000002023028092008
2721432915860648000000000463030092008
310000000191
