1230920200302
2721432915812334000000012283015052008
2721432915812438000000015963018062008
2721432915812478000000023083029062008
2721432915812509000000032863007072008
2721432915812519000000015503010072008
2721432915812529000000021183014072008
2721432915812546000000001103017072008
2721432915812577000000034933028072008
2721432915812577000000046623028072008
2721432915812578000000000131028072001
2721432915812607000000032523005082008
2721432915812617000000017503007082008
2721432915812622000000007302010082008
2721432915812628000000001431011082005
2721432915812629000000003703011082008
2721432915812632000000000381012082005
2721432915812643000000014003014082008
2721432915812649000000026743021082001
2721432915812651000000009863021082003
2721432915812661000000002013024082008
2721432915812663000000002042024082001
2721432915812673000000001753026082012
2721432915812681000000000872028082001
2721432915812685000000011092031082005
2721432915812700000000018723003092011
2721432915812701000000002613003092012
2721432915812713000000009452008092001
2721432915812717000000011942009092005
2721432915812717000000029533009092002
2721432915812722000000007462010092001
2721432915812728000000010632011092008
2721432915812731000000008783014092003
2721432915812734000000024533015092001
2721432915812735000000002942015092001
2721432915812735000000003962015092001
2721432915812739000000000691017092001
2721432915812739000000002953017092002
2721432915812746000000010142018092001
2721432915812746000000010152018092001
2721432915855570000000002903029072008
2721432915855596000000006793004082008
2721432915855611000000000301007082005
2721432915855632000000003793013082008
2721432915855648000000003033018082008
2721432915855655000000002672019082001
2721432915855655000000004363019082002
2721432915855675000000000952025082008
2721432915855675000000002391019022005
2721432915855675000000003193025082003
2721432915855680000000004013026082008
2721432915855680000000004433026082008
2721432915855691000000000101028082001
2721432915855691000000004983028082011
2721432915855745000000002193016092003
2721432915855745000000002243016092005
2721432915855753000000002823017092005
2721432915858039000000013283006072008
2721432915858073000000006873008072005
2721432915858225000000005733029072008
2721432915858313000000007493010082005
2721432915858315000000001503011082008
2721432915858322000000000653011082008
2721432915858323000000004352011082005
2721432915858323000000009783011082008
2721432915858360000000001343017082002
2721432915858422000000008873026082008
2721432915858533000000001263014092003
2721432915860081000000000703010072008
2721432915860121000000019353015072008
2721432915860153000000021473021072008
2721432915860162000000009333022072002
2721432915860174000000010713023072008
2721432915860182000000000843024072008
2721432915860184000000045773024072008
2721432915860204000000018203028072008
2721432915860204000000021833028072008
2721432915860213000000000553029072008
2721432915860223000000000173030072008
2721432915860223000000000593030072008
2721432915860247000000028993003082008
2721432915860247000000037653003082008
2721432915860247000000038253003082008
2721432915860257000000015333004082008
2721432915860257000000018713004082008
2721432915860270000000020163005082008
2721432915860278000000012312006082005
2721432915860282000000016433007082008
2721432915860297000000008912010082008
2721432915860308000000025043011082008
2721432915860351000000013193019082008
2721432915860360000000000173020082008
2721432915860371000000000403021082008
2721432915860377000000012332021082008
2721432915860377000000013312021082001
2721432915860377000000021553021082008
2721432915860377000000028493021082008
2721432915860390000000004383025082008
2721432915860390000000004993025082008
2721432915860390000000016193025082008
2721432915860390000000021133025082008
2721432915860390000000024363025082008
2721432915860403000000000353026082008
2721432915860408000000020593026082008
2721432915860420000000021323027082008
2721432915860420000000022663027082008
2721432915860430000000025133028082008
2721432915860430000000025323028082008
2721432915860439000000013903031082003
2721432915860456000000013913002092003
2721432915860456000000017343002092005
2721432915860509000000003551010092012
2721432915860511000000016563012062008
2721432915860513000000007803014092003
2721432915860513000000010721014092001
2721432915860513000000016632014092005
2721432915860527000000014103015092001
2721432915860527000000022233015092002
2721432915860538000000024943016092005
2721432915860544000000001043016092005
2721432915860561000000022923018092002
2721432915860562000000017643019062003
2721432915860569000000005411021092001
2721432915860598000000000163024062008
310000000123
