1131120200305
2721432915812140000000007243023032008
2721432915812223000000000882013042005
2721432915812226000000004313014042008
2721432915812303000000018753008052008
2721432915812530000000000643014072001
2721432915812567000000009993024072008
2721432915812612000000009713006082008
2721432915812622000000009002010082001
2721432915812622000000019993010082001
2721432915812629000000003243011082008
2721432915812647000000005322021082008
2721432915812651000000005342021082008
2721432915812673000000004193026082008
2721432915812690000000007042001092008
2721432915812690000000011022001092008
2721432915812700000000016313003092008
2721432915812702000000000012004092008
2721432915812704000000002763004092001
2721432915812713000000002351008092011
2721432915812717000000010532009092008
2721432915812718000000003933009092008
2721432915812731000000003162014092008
2721432915812731000000013843014092008
2721432915812734000000030273015092008
2721432915812735000000001842015092008
2721432915812745000000001512018092008
2721432915812750000000001553021092008
2721432915812766000000019063024092008
2721432915812771000000005752025092008
2721432915812776000000019223028092008
2721432915812781000000003173030092008
2721432915812786000000006032001102008
2721432915812794000000001803005102008
2721432915812809000000000542008102008
2721432915812812000000001433008102001
2721432915812816000000002661009102012
2721432915812816000000014853009102008
2721432915812821000000024743013102008
2721432915812821000000027843013102008
2721432915812826000000007812014102008
2721432915812826000000026083014102012
2721432915812831000000016513015102001
2721432915812831000000021283015102008
2721432915812836000000004273016102003
2721432915812837000000017573016102008
2721432915812837000000023133016102003
2721432915812842000000016973019102001
2721432915812844000000010082019102001
2721432915812844000000018803019102005
2721432915812845000000001872019102001
2721432915812850000000016613020102001
2721432915812850000000018803020102003
2721432915812854000000004293021102001
2721432915812855000000024153021102003
2721432915812860000000018863022102003
2721432915812867000000006242026102001
2721432915812871000000003283027102001
2721432915812873000000002461027102005
2721432915812873000000016173027102001
2721432915812873000000017193027102002
2721432915812874000000000131027102001
2721432915812874000000001412027102001
2721432915812885000000001192030102001
2721432915812888000000008033030102005
2721432915812889000000000381030102001
2721432915812892000000000331003112001
2721432915812893000000001421003112003
2721432915812893000000013893003112011
2721432915812893000000017553003112012
2721432915812897000000000852004112001
2721432915812897000000002303004112001
2721432915812897000000003783004112001
2721432915812898000000002091004112012
2721432915812898000000028653004112003
2721432915812898000000030273004112001
2721432915812898000000033643004112001
2721432915812899000000005173004112002
2721432915812899000000005673004112001
2721432915812901000000000492005112003
2721432915812902000000002553005112008
2721432915812902000000004203005112003
2721432915812903000000004693005112001
2721432915812904000000000031005112001
2721432915812905000000000753006112012
2721432915812908000000002853006112003
2721432915812909000000017773006112011
2721432915812909000000028723006112002
2721432915812909000000028853006112002
2721432915812913000000002873009112005
2721432915812915000000007032009112001
2721432915812915000000026913009112003
2721432915812916000000000631009112012
2721432915812918000000001743009112003
2721432915812921000000000462010112001
2721432915812922000000000671010112001
2721432915812922000000003041010112005
2721432915812922000000021313010112003
2721432915812927000000001081011112003
2721432915855467000000002512006102008
2721432915855467000000002522006102008
2721432915855478000000002442007042008
2721432915855495000000006782014102008
2721432915855495000000009633014102008
2721432915855506000000001603015102008
2721432915855542000000001493026102008
2721432915855547000000008003027102001
2721432915855551000000002193028102003
2721432915855551000000003051028102001
2721432915855557000000017843028102001
2721432915855563000000002163030102001
2721432915855568000000003452003112001
2721432915855568000000009233003112003
2721432915855568000000009713003112005
2721432915855568000000009983003112012
2721432915855568000000014592003112005
2721432915855571000000006473004112008
2721432915855573000000000293005112002
2721432915855573000000005343005112001
2721432915855573000000005913005112001
2721432915855573000000006713005112003
2721432915855580000000000561006112001
2721432915855580000000001251006112012
2721432915855580000000007603006112002
2721432915855580000000008133006112011
2721432915855580000000008691006112005
2721432915855580000000009711006112001
2721432915855580000000014883006112008
2721432915855580000000016003006112001
2721432915855580000000017353006112003
2721432915855580000000018693006112003
2721432915855580000000019213006112005
2721432915855589000000006343009112002
2721432915855601000000004642005082008
2721432915855632000000004053013082008
2721432915855643000000005413017082008
2721432915855648000000002372018082003
2721432915855675000000004262025082008
2721432915855686000000003493026082001
2721432915855691000000010063028082001
2721432915855702000000007763009062008
2721432915855747000000006273016092005
2721432915855752000000000361016092008
2721432915855780000000001923023092008
2721432915858062000000000523008102003
2721432915858062000000000783008102008
2721432915858109000000000903014102005
2721432915858179000000000813023072008
2721432915858248000000000613031072001
2721432915858270000000005493004082008
2721432915858313000000000031011112005
2721432915858361000000000423018082008
2721432915858369000000004283019082005
2721432915858382000000000372020082008
2721432915858382000000000382020082008
2721432915858612000000000653019062008
2721432915858630000000000333024092005
2721432915858657000000001003028092008
2721432915858658000000004443029062001
2721432915858677000000000573030092008
2721432915860008000000008603001042001
2721432915860010000000002003002102008
2721432915860010000000002503002102008
2721432915860013000000019423002102008
2721432915860020000000001323002102008
2721432915860023000000005933002102008
2721432915860023000000024493002102005
2721432915860023000000031222002102008
2721432915860023000000032353002102008
2721432915860023000000032383002102008
2721432915860030000000000513005102008
2721432915860033000000007992005102008
2721432915860033000000009232005102005
2721432915860033000000019223005102008
2721432915860043000000019733006102008
2721432915860043000000026123006102008
2721432915860043000000026363006102003
2721432915860056000000016843007102008
2721432915860065000000000833008102008
2721432915860067000000020583008102008
2721432915860067000000029573008102008
2721432915860075000000000183009102008
2721432915860075000000001942009102008
2721432915860085000000000193013102008
2721432915860085000000000243013102008
2721432915860085000000000313013102008
2721432915860094000000000533014102008
2721432915860097000000017303014102005
2721432915860097000000023063014102003
2721432915860097000000023123014102008
2721432915860107000000000213014102008
2721432915860107000000000473015072008
2721432915860109000000009922014102008
2721432915860109000000023723014102008
2721432915860112000000000283015102008
2721432915860114000000012002015102008
2721432915860114000000018313015102008
2721432915860114000000018453015102008
2721432915860114000000020323015102002
2721432915860118000000000203016102008
2721432915860126000000018013019102008
2721432915860130000000001893019102008
2721432915860130000000001903019102008
2721432915860133000000000413017072008
2721432915860133000000000703017072008
2721432915860136000000037483020102008
2721432915860142000000000153020102008
2721432915860148000000011302021102001
2721432915860156000000013433022042008
2721432915860165000000021003022102001
2721432915860176000000016343023102012
2721432915860176000000016893023102005
2721432915860184000000000283026102003
2721432915860184000000000453026102003
2721432915860196000000017493027102001
2721432915860213000000000523029072008
2721432915860217000000000683003112001
2721432915860217000000000893003112011
2721432915860220000000020863029102003
2721432915860230000000008363030102001
2721432915860230000000009621030102001
2721432915860230000000018092030102005
2721432915860230000000023223030102001
2721432915860230000000037463030102002
2721432915860242000000001543004112003
2721432915860242000000001933004112002
2721432915860250000000013522004112001
2721432915860250000000031453004112011
2721432915860250000000031623004112001
2721432915860250000000032993004112003
2721432915860255000000000433005112003
2721432915860257000000018993004082001
2721432915860259000000000123005112003
2721432915860269000000000091006112001
2721432915860269000000008771006112012
2721432915860269000000026623006112001
2721432915860269000000027353006112003
2721432915860269000000031253006112001
2721432915860275000000000553006112003
2721432915860284000000002223009112005
2721432915860284000000014463009112005
2721432915860284000000017703009112001
2721432915860287000000000633007082008
2721432915860293000000000203010082008
2721432915860310000000000041012082005
2721432915860314000000007631011112003
2721432915860340000000034873014082008
2721432915860348000000000273019082008
2721432915860377000000021943021082008
2721432915860390000000011712025082008
2721432915860403000000000543026082005
2721432915860408000000018403026082012
2721432915860439000000017743031082008
2721432915860445000000000413001092008
2721432915860448000000024573001092008
2721432915860448000000029313001092008
2721432915860448000000029833001092008
2721432915860455000000000393002092008
2721432915860456000000004701002092001
2721432915860466000000000473003092008
2721432915860466000000000483003092008
2721432915860513000000014962014092008
2721432915860513000000016512014092001
2721432915860538000000030573016092008
2721432915860569000000008562021092003
2721432915860600000000019313023092008
2721432915860614000000018733026062005
2721432915860615000000022113025092008
2721432915860629000000000523028092008
2721432915860629000000000712028092008
2721432915860641000000003772029092008
2721432915860641000000016663029092008
310000000271
