1061120200304
2721432915812260000000015473022042008
2721432915812358000000020593026052001
2721432915812421000000004442012062008
2721432915812426000000001371015062012
2721432915812612000000014013006082001
2721432915812617000000020533007082008
2721432915812622000000014093010082008
2721432915812641000000003263014082008
2721432915812643000000002501014082005
2721432915812649000000027633021082008
2721432915812663000000002353024082008
2721432915812680000000011363028082002
2721432915812680000000012083028082005
2721432915812685000000017243031082008
2721432915812690000000018743001092008
2721432915812691000000002673001092008
2721432915812700000000015853003092008
2721432915812704000000003583004092008
2721432915812711000000004233008092005
2721432915812718000000004663009092003
2721432915812720000000001323010092008
2721432915812731000000001711014092005
2721432915812731000000007733014092008
2721432915812731000000012803014092008
2721432915812734000000020343015092008
2721432915812734000000024063015092001
2721432915812737000000004481016092008
2721432915812737000000010492016092008
2721432915812741000000007982017092001
2721432915812748000000000601021092012
2721432915812751000000017823021092008
2721432915812757000000005842022092005
2721432915812761000000012253023092008
2721432915812766000000011042024092008
2721432915812766000000018243024092008
2721432915812775000000001372028092008
2721432915812776000000017863028092008
2721432915812785000000003233001102001
2721432915812786000000010593001102003
2721432915812792000000006792002102008
2721432915812792000000006802002102008
2721432915812792000000007472002102008
2721432915812795000000001222005102008
2721432915812796000000017383005102008
2721432915812797000000000602005102008
2721432915812800000000003903006102001
2721432915812801000000017053006102005
2721432915812801000000019053006102008
2721432915812803000000001292007102001
2721432915812806000000017043007102008
2721432915812810000000001332008102008
2721432915812810000000005743008102008
2721432915812811000000006412008102008
2721432915812826000000006152014102005
2721432915812830000000002313015102003
2721432915812831000000016833015102005
2721432915812837000000018943016102007
2721432915812844000000020353019102002
2721432915812845000000002132019102001
2721432915812848000000000823020102001
2721432915812850000000019393020102003
2721432915812864000000000381023102001
2721432915812864000000005173023102005
2721432915812867000000001511026102012
2721432915812867000000008502026102005
2721432915812867000000017563026102002
2721432915812867000000019593026102011
2721432915812873000000006192027102001
2721432915812873000000010793027102001
2721432915812873000000014763027102003
2721432915812877000000003573028102001
2721432915812878000000000461028102001
2721432915812878000000000471028102001
2721432915812878000000013173028102001
2721432915812879000000000451028102001
2721432915812882000000004043029102005
2721432915812882000000004643029102003
2721432915812883000000017203029102003
2721432915812888000000003312030102003
2721432915855483000000001413009102012
2721432915855483000000002391009102012
2721432915855491000000000793013102005
2721432915855491000000004383013102008
2721432915855495000000001382014102001
2721432915855495000000007813014102005
2721432915855513000000007853019102003
2721432915855526000000000373021102002
2721432915855526000000007073021102003
2721432915855526000000011903021102011
2721432915855532000000001122021102001
2721432915855547000000002971027102001
2721432915855547000000007973027102001
2721432915855547000000008143027102011
2721432915855547000000008303027102012
2721432915855551000000002553028102003
2721432915855551000000004963028102001
2721432915855551000000005243028102012
2721432915855557000000002441028102011
2721432915855557000000011303028102003
2721432915855557000000014723028102012
2721432915855557000000014763028102012
2721432915855557000000016763028102005
2721432915855557000000017403028102003
2721432915855557000000017983028102003
2721432915855557000000024573028102002
2721432915855557000000025603028102002
2721432915855557000000025643028102003
2721432915855563000000000451030102011
2721432915855563000000001193030102005
2721432915855563000000002663030102002
2721432915855563000000002673030102002
2721432915855563000000005163030102012
2721432915855568000000018843003112003
2721432915855601000000002563005082008
2721432915855671000000003933024082008
2721432915855686000000001931026082005
2721432915855701000000003023001092008
2721432915855752000000004583016092008
2721432915855788000000005873025092008
2721432915855788000000008293025092008
2721432915855790000000006083025092008
2721432915855876000000001403014061901
2721432915858076000000000412009102008
2721432915858087000000000523013102008
2721432915858172000000000043023102011
2721432915858192000000014843024072005
2721432915858202000000000091027102001
2721432915858204000000001273027102002
2721432915858214000000006543028072011
2721432915858220000000000073029102002
2721432915858234000000000823030102003
2721432915858234000000000833030102003
2721432915858239000000000491030102001
2721432915858323000000010393011082012
2721432915858456000000000053031082005
2721432915858608000000000443022092008
2721432915858647000000000413025092008
2721432915860010000000000983002102008
2721432915860010000000002333002102008
2721432915860010000000002343002102008
2721432915860010000000002773002102008
2721432915860013000000019203002102008
2721432915860020000000000853002102008
2721432915860020000000000863002102008
2721432915860020000000000873002102008
2721432915860020000000000883002102008
2721432915860020000000000893002102008
2721432915860020000000000973002102008
2721432915860020000000001173002102008
2721432915860020000000001193002102008
2721432915860023000000005613002102008
2721432915860023000000025673002102008
2721432915860023000000027143002102008
2721432915860023000000032023002102008
2721432915860025000000001293003072008
2721432915860033000000007892005102008
2721432915860033000000019093005102008
2721432915860033000000019573005102008
2721432915860036000000000863006102008
2721432915860039000000012922006072008
2721432915860043000000019353006102011
2721432915860043000000026643006102008
2721432915860053000000000353007102008
2721432915860056000000012393007102008
2721432915860065000000000283008102008
2721432915860067000000026203008102008
2721432915860067000000029193008102008
2721432915860067000000029603008102008
2721432915860075000000000283009102008
2721432915860075000000000293009102008
2721432915860094000000000303014102008
2721432915860107000000000183014102008
2721432915860114000000013443015102001
2721432915860114000000017273015102001
2721432915860136000000010221020102012
2721432915860136000000036163020102003
2721432915860136000000036463020102001
2721432915860148000000005711021102005
2721432915860148000000005731021102012
2721432915860148000000014653021102003
2721432915860153000000004383021072008
2721432915860159000000001003022102002
2721432915860161000000000251022102005
2721432915860161000000000452022102001
2721432915860176000000011963023102001
2721432915860176000000019763023102001
2721432915860187000000010923026102003
2721432915860187000000013773026102005
2721432915860187000000016383026102003
2721432915860187000000018393026102003
2721432915860196000000008102027102001
2721432915860196000000015563027102012
2721432915860196000000019193027102012
2721432915860208000000008903028102003
2721432915860208000000012093028102003
2721432915860220000000008542029102003
2721432915860220000000022073029102003
2721432915860220000000022323029102003
2721432915860225000000000673030072008
2721432915860230000000007853030102011
2721432915860230000000011001030102012
2721432915860230000000012832030102003
2721432915860230000000022433030102005
2721432915860230000000026813030102003
2721432915860230000000027753030102003
2721432915860230000000030693030102008
2721432915860230000000030803030102013
2721432915860230000000034123030102003
2721432915860230000000038003030102003
2721432915860246000000000291004112002
2721432915860247000000020102003082001
2721432915860250000000009991004112005
2721432915860250000000010331004112003
2721432915860250000000010511004112003
2721432915860278000000019963006082008
2721432915860287000000000153007082008
2721432915860302000000000572011082001
2721432915860308000000010922011082011
2721432915860311000000000823012082008
2721432915860337000000001113014082008
2721432915860340000000026213014082008
2721432915860340000000029913014082003
2721432915860351000000017443019082008
2721432915860371000000000633021082008
2721432915860392000000000143025082008
2721432915860445000000000093001092008
2721432915860448000000005733001092008
2721432915860448000000026633001092008
2721432915860456000000011013002092008
2721432915860456000000017983002092008
2721432915860468000000015903006032008
2721432915860469000000017053003092007
2721432915860472000000002033004092008
2721432915860484000000000543008092008
2721432915860486000000011833008092008
2721432915860509000000005432010092008
2721432915860527000000025813015092008
2721432915860538000000028663016092008
2721432915860544000000000973016092008
2721432915860544000000000993016092008
2721432915860549000000009562018092005
2721432915860549000000020953018092008
2721432915860561000000004813018092001
2721432915860561000000005273018092008
2721432915860566000000001153018092008
2721432915860569000000008712021092008
2721432915860579000000013043022092008
2721432915860580000000001263022092001
2721432915860590000000014603023092008
2721432915860590000000021223023092008
2721432915860595000000000593023092008
2721432915860602000000018133024062008
2721432915860604000000000663024092008
2721432915860610000000001173026062008
2721432915860620000000001073025092008
2721432915860620000000001253025092008
2721432915860638000000001593029092008
2721432915860641000000015663029092008
2721432915860641000000020573029092001
2721432915860649000000005791030092008
2721432915860649000000007482030092008
2721432915860649000000019113030092008
310000000262
