1100920200302
2721432915812216000000010063009042001
2721432915812388000000005333002062001
2721432915812437000000003873017062008
2721432915812447000000026603022062008
2721432915812478000000015183029062005
2721432915812499000000019433003072008
2721432915812499000000019443003072008
2721432915812523000000014813013072008
2721432915812577000000046263028072003
2721432915812592000000008863031072008
2721432915812593000000004272031072008
2721432915812603000000000992004082008
2721432915812617000000011403007082003
2721432915812617000000016073007082008
2721432915812633000000014693012082008
2721432915812637000000003743017082003
2721432915812641000000004993014082008
2721432915812649000000018443021082003
2721432915812665000000017423025082003
2721432915812680000000016673028082012
2721432915812682000000002783031082008
2721432915812685000000020553031082001
2721432915812700000000006262003092003
2721432915812708000000001781004092012
2721432915812708000000008622004092003
2721432915812713000000002601008092001
2721432915855473000000008922007072008
2721432915855479000000004582008072008
2721432915855514000000002643015072003
2721432915855536000000002883021072008
2721432915855583000000005023031072008
2721432915855611000000008362007082001
2721432915855611000000009103007082008
2721432915855611000000010143007082008
2721432915855643000000003212017082001
2721432915855643000000007573017082012
2721432915855655000000001703019082008
2721432915855680000000005171026082012
2721432915855680000000005181026082012
2721432915855680000000005542026082012
2721432915855691000000009313028082001
2721432915855707000000004493002092011
2721432915858018000000009823001072008
2721432915858039000000012563006072008
2721432915858114000000000213015072008
2721432915858114000000000223015072008
2721432915858119000000005073015072008
2721432915858235000000000543030072008
2721432915858282000000009103005082008
2721432915858298000000001673007082008
2721432915858315000000002073011082011
2721432915858323000000012913011082008
2721432915858326000000000403012082008
2721432915858333000000000341012082012
2721432915858335000000008523012082008
2721432915858347000000000603013082008
2721432915858357000000010393014082008
2721432915858440000000011063028082003
2721432915858440000000015543028082005
2721432915858477000000000083002092002
2721432915858686000000005673030062008
2721432915860049000000022253007072008
2721432915860057000000000093008072008
2721432915860101000000020023014072008
2721432915860142000000000343020072008
2721432915860142000000000403020072008
2721432915860153000000010622021072008
2721432915860153000000016703021072008
2721432915860153000000016713021072008
2721432915860162000000009793022072008
2721432915860174000000009263023072008
2721432915860174000000010333023072008
2721432915860184000000022732024072008
2721432915860184000000040603024072008
2721432915860184000000045233024072008
2721432915860204000000021843028072008
2721432915860214000000010823029072008
2721432915860226000000005503030072008
2721432915860236000000001163031072008
2721432915860237000000011813031072008
2721432915860243000000002363003082008
2721432915860243000000002383003082008
2721432915860247000000008043003082008
2721432915860256000000000123004082008
2721432915860265000000005173005082008
2721432915860270000000016513005082001
2721432915860278000000019723006082008
2721432915860282000000004283007082008
2721432915860282000000004523007082008
2721432915860282000000019123007082008
2721432915860287000000000283007082008
2721432915860292000000001473010082008
2721432915860292000000001503010082008
2721432915860295000000000223010082001
2721432915860297000000004363010082008
2721432915860297000000018973010082008
2721432915860302000000001003011082008
2721432915860308000000032883011082008
2721432915860308000000032903011082008
2721432915860308000000033003011082008
2721432915860317000000016303012082008
2721432915860317000000022263012082008
2721432915860317000000023523012082008
2721432915860330000000018883013082008
2721432915860330000000019563013082008
2721432915860330000000020413013082008
2721432915860340000000006403014082008
2721432915860340000000010892014082008
2721432915860340000000021553014082008
2721432915860340000000032823014082008
2721432915860340000000032873014082008
2721432915860340000000034423014082008
2721432915860351000000010073019082002
2721432915860429000000001043028082003
2721432915860439000000013493031082001
2721432915860439000000014623031082003
2721432915860448000000007371001092008
2721432915860451000000001443002092003
2721432915860453000000000033002092002
2721432915860456000000000121002092008
2721432915860462000000001793003092003
2721432915860469000000004931003092001
2721432915860469000000014663003092002
2721432915860469000000018453003092003
2721432915860472000000000243004092003
2721432915860530000000002073016062008
2721432915860602000000002093024062008
310000000127
