1221020200315
2721432915811224000000007051003091805
2721432915812315000000000873011052005
2721432915812354000000015473022052001
2721432915812509000000017863007072001
2721432915812597000000001552003082001
2721432915812607000000038703005082001
2721432915812618000000001753007082008
2721432915812621000000004093010082008
2721432915812622000000021093010082011
2721432915812628000000017183011082008
2721432915812632000000004113012082008
2721432915812638000000007452017082012
2721432915812638000000030213017082001
2721432915812641000000004433014082001
2721432915812647000000014133021082001
2721432915812649000000013702021082001
2721432915812670000000020083026082003
2721432915812680000000001381028082001
2721432915812690000000006292001092008
2721432915812690000000006822001092001
2721432915812690000000022343001092008
2721432915812700000000023133003092001
2721432915812718000000000061009092001
2721432915812723000000000803010092001
2721432915812724000000006383010092008
2721432915812728000000022223011092008
2721432915812731000000008403014092003
2721432915812734000000016542015092003
2721432915812734000000020483015092008
2721432915812734000000023843015092008
2721432915812734000000029053015092005
2721432915812734000000029683015092005
2721432915812735000000007703015092001
2721432915812737000000001701016092001
2721432915812737000000006082016092003
2721432915812739000000000061017092003
2721432915812742000000001262017092008
2721432915812746000000002311018092001
2721432915812755000000003693022092012
2721432915812757000000002161022092001
2721432915812757000000004411022092005
2721432915812761000000017433023092003
2721432915812765000000003883024092005
2721432915812766000000023153024092005
2721432915812772000000001162025092008
2721432915812772000000004063025092001
2721432915812775000000002002028092001
2721432915812776000000009412028092001
2721432915812781000000004013030092005
2721432915812785000000002273001102001
2721432915812785000000002283001102001
2721432915812785000000002293001102001
2721432915812786000000011523001102001
2721432915812792000000014733002102001
2721432915812793000000002313002102003
2721432915812797000000000201005102001
2721432915812807000000000682007102001
2721432915812812000000001593008102001
2721432915812816000000003492009102001
2721432915812818000000000221013102001
2721432915812819000000004633013102001
2721432915812821000000024453013102005
2721432915812826000000002741014102001
2721432915812826000000015203014102002
2721432915812828000000000011015102001
2721432915812830000000002483015102005
2721432915812830000000003233015102003
2721432915812831000000009132015102002
2721432915812831000000013873015102005
2721432915812831000000021253015102003
2721432915812836000000000041016102012
2721432915812837000000010702016102001
2721432915812837000000016103016102005
2721432915812840000000000101019102001
2721432915812842000000020463019102003
2721432915812844000000004051019102002
2721432915812844000000007092019102002
2721432915812844000000022023019102003
2721432915812850000000002501020102001
2721432915812851000000000621020102003
2721432915855454000000005453002102012
2721432915855467000000003333006102001
2721432915855469000000002753003072001
2721432915855471000000000531007102005
2721432915855471000000007003007102012
2721432915855476000000000783008102012
2721432915855491000000001123013102005
2721432915855491000000002502013102003
2721432915855495000000002142014102002
2721432915855495000000002993014102012
2721432915855495000000003573014102008
2721432915855495000000003833014102002
2721432915855495000000004383014102002
2721432915855495000000007643014102003
2721432915855495000000007703014102003
2721432915855500000000002363015102008
2721432915855500000000002563015102002
2721432915855513000000000381019102012
2721432915855513000000000531019102003
2721432915855583000000004943031072001
2721432915855622000000000611011082001
2721432915855622000000003862011082008
2721432915855665000000001182021082008
2721432915855680000000001012026082012
2721432915855680000000003143026082002
2721432915855686000000000221026082001
2721432915855691000000009833028082008
2721432915855701000000002103001092008
2721432915855759000000008113018092008
2721432915855788000000003313025092008
2721432915855788000000008453025092008
2721432915855788000000009433025092008
2721432915855795000000000321028092001
2721432915855795000000002033028092005
2721432915855805000000003523030092001
2721432915855805000000007253030092008
2721432915858062000000000603008102002
2721432915858087000000000333013102012
2721432915858087000000000383013102005
2721432915858108000000000673014102003
2721432915858116000000000343016102005
2721432915858142000000000673020072008
2721432915858218000000000212029072001
2721432915858244000000000773031072008
2721432915858282000000003162005082005
2721432915858323000000008153011082008
2721432915858324000000000612011082008
2721432915858405000000003262025082008
2721432915858436000000002392027082001
2721432915858440000000003293028082008
2721432915858503000000000192004092001
2721432915858507000000000221008092008
2721432915858513000000015053008092001
2721432915858513000000016453008092008
2721432915858513000000016913008092008
2721432915858558000000000191016092001
2721432915858567000000003933015062005
2721432915858570000000000791016092008
2721432915858587000000000182018092008
2721432915858607000000000313022092008
2721432915858611000000000031022092001
2721432915858618000000007433022062005
2721432915858628000000000462023092008
2721432915858640000000007003024032008
2721432915858651000000000163028092008
2721432915858651000000000173028092008
2721432915860013000000019013002102003
2721432915860023000000006253002102005
2721432915860023000000010182002102001
2721432915860023000000017303002102003
2721432915860028000000000953005102003
2721432915860039000000027323006072001
2721432915860043000000019463006102005
2721432915860043000000019543006102003
2721432915860043000000020313006102002
2721432915860043000000022643006102002
2721432915860049000000011372007072008
2721432915860053000000000363007102001
2721432915860065000000000293008102003
2721432915860065000000001383008102004
2721432915860067000000000632008072008
2721432915860067000000014222008102001
2721432915860067000000024443008102005
2721432915860067000000025653008102003
2721432915860080000000000433013102005
2721432915860085000000000213013102003
2721432915860085000000001043013102003
2721432915860085000000001063013102003
2721432915860097000000007581014102005
2721432915860097000000013212014102005
2721432915860097000000015043014102003
2721432915860097000000019523014102012
2721432915860097000000024233014102002
2721432915860101000000009012014072008
2721432915860109000000017933014102001
2721432915860109000000021233014102003
2721432915860114000000005203015102003
2721432915860114000000005483015102008
2721432915860114000000007051015102001
2721432915860114000000019393015102011
2721432915860114000000021683015102002
2721432915860114000000022803015102003
2721432915860117000000000372016102003
2721432915860126000000008652019102002
2721432915860126000000010272019102005
2721432915860136000000006571020102003
2721432915860136000000009661020102003
2721432915860136000000009921020102003
2721432915860136000000010651020102002
2721432915860136000000011401020102005
2721432915860184000000019772024072008
2721432915860242000000032153006052008
2721432915860278000000019103006082012
2721432915860278000000023253006082008
2721432915860282000000022503007082008
2721432915860287000000000753007082008
2721432915860295000000000061010082001
2721432915860297000000017653010082003
2721432915860297000000021023010082008
2721432915860308000000025933011082001
2721432915860340000000018373014082008
2721432915860343000000001922018082001
2721432915860345000000001813019082008
2721432915860360000000000573020082008
2721432915860362000000011053020082008
2721432915860362000000014793020082008
2721432915860377000000021183021082001
2721432915860377000000025493021082008
2721432915860377000000029313021082008
2721432915860380000000000081024082001
2721432915860381000000003723024082008
2721432915860403000000000413026082008
2721432915860420000000018023027082008
2721432915860429000000000813028082008
2721432915860429000000001053028082008
2721432915860430000000023663028082008
2721432915860430000000027093028082008
2721432915860436000000000243031082008
2721432915860448000000024063001092008
2721432915860455000000000133002092008
2721432915860455000000000243002092008
2721432915860455000000000253002092008
2721432915860456000000009362002092008
2721432915860466000000000173003092008
2721432915860469000000007052003092012
2721432915860469000000021223003092008
2721432915860472000000000423004092008
2721432915860484000000000583008092005
2721432915860490000000002622008092008
2721432915860490000000003603008092001
2721432915860499000000007232010062011
2721432915860503000000017323010092008
2721432915860503000000017943010092008
2721432915860513000000008563014092008
2721432915860513000000033943014092008
2721432915860513000000036863014092008
2721432915860527000000022943015092008
2721432915860527000000026473015092008
2721432915860538000000012152016092008
2721432915860538000000029373016092008
2721432915860544000000000413016092008
2721432915860544000000000463016092008
2721432915860549000000007551018092001
2721432915860549000000023033018092001
2721432915860561000000024333018092002
2721432915860562000000014053019062008
2721432915860573000000000493021092001
2721432915860579000000006862022092005
2721432915860579000000007022022092008
2721432915860579000000011713022092001
2721432915860579000000011763022092001
2721432915860579000000019303022092008
2721432915860590000000024423023092008
2721432915860592000000001283023092001
2721432915860600000000003382023092008
2721432915860604000000000603024092008
2721432915860604000000001043024092008
2721432915860608000000000712024092008
2721432915860615000000017973025092002
2721432915860615000000017983025092002
2721432915860615000000021713025092008
2721432915860625000000001202029062005
2721432915860647000000000182030092001
310000000263
