1261120200304
2721432915812287000000001233030042001
2721432915812469000000001983026062008
2721432915812478000000012973029062001
2721432915812538000000004273016072008
2721432915812582000000011503029072008
2721432915812617000000020103007082003
2721432915812649000000031563021082008
2721432915812708000000008952004092008
2721432915812711000000004173008092001
2721432915812717000000009992009092012
2721432915812728000000017923011092008
2721432915812734000000026293015092008
2721432915812746000000026103018092003
2721432915812748000000001152021092005
2721432915812772000000000411025092001
2721432915812795000000004193005102005
2721432915812795000000004313005102012
2721432915812801000000020553006102008
2721432915812801000000023843006102012
2721432915812806000000014273007102008
2721432915812806000000015423007102012
2721432915812811000000014133008102008
2721432915812816000000011303009102008
2721432915812826000000014353014102001
2721432915812826000000021463014102008
2721432915812830000000003223015102012
2721432915812831000000002241015102005
2721432915812842000000014073019102008
2721432915812842000000015063019102008
2721432915812845000000003912019102008
2721432915812851000000002032020102008
2721432915812855000000005401021102005
2721432915812864000000004463023102008
2721432915812867000000017813026102008
2721432915812878000000003982028102001
2721432915812883000000015493029102005
2721432915812884000000001613029102001
2721432915812898000000028573004112003
2721432915812898000000036623004112003
2721432915812899000000000611004112001
2721432915812908000000003643006112005
2721432915812913000000003703009112012
2721432915812920000000004563010112002
2721432915812937000000019373013112001
2721432915812942000000014383016112001
2721432915812942000000019423016112003
2721432915812942000000020103016112003
2721432915812943000000000842016112001
2721432915812943000000003533016112005
2721432915812950000000000331017112012
2721432915812950000000002212017112008
2721432915812952000000001401017112001
2721432915812952000000004812017112005
2721432915812952000000004832017112005
2721432915812952000000019233017112001
2721432915812953000000000762017112001
2721432915812955000000004123018112002
2721432915812957000000006412018112001
2721432915812957000000010023018112003
2721432915812957000000010033018112003
2721432915812957000000013413018112011
2721432915812957000000013643018112002
2721432915812957000000014803018112002
2721432915812957000000014903018112003
2721432915812960000000003593019112008
2721432915812960000000006883019112002
2721432915812962000000005392019112005
2721432915812962000000016833019112002
2721432915812962000000018473019112001
2721432915812962000000021393019112003
2721432915812967000000000871023112005
2721432915812967000000001881023112012
2721432915812967000000005311023112005
2721432915812967000000008201023112003
2721432915812967000000010321023112001
2721432915812967000000011101023112002
2721432915812967000000011961023112005
2721432915812967000000012751023112006
2721432915812967000000027502023112003
2721432915812967000000027922023112003
2721432915812967000000042753023112003
2721432915812968000000001471023112002
2721432915812968000000003082023112001
2721432915812972000000003421024112012
2721432915812972000000015132024112003
2721432915855467000000000783006102008
2721432915855500000000002283015102001
2721432915855520000000000451020102008
2721432915855520000000001683020102008
2721432915855526000000000503021102008
2721432915855547000000000592027102008
2721432915855551000000002813028102008
2721432915855557000000006812028102008
2721432915855557000000006912028102008
2721432915855557000000010283028102008
2721432915855557000000015233028102008
2721432915855557000000017023028102008
2721432915855568000000009033003112005
2721432915855573000000002682005112005
2721432915855573000000005373005112003
2721432915855580000000006513006112002
2721432915855580000000011522006112005
2721432915855591000000008533011112005
2721432915855591000000008593011112001
2721432915855596000000006453004082012
2721432915855607000000008283013112003
2721432915855612000000005293013112003
2721432915855618000000000272016112005
2721432915855618000000000853016112003
2721432915855618000000001331016112001
2721432915855618000000002252016112005
2721432915855622000000003583017112003
2721432915855622000000003833017112005
2721432915855626000000000391018112005
2721432915855626000000001373018112008
2721432915855626000000001683018112001
2721432915855626000000002273018112003
2721432915855626000000002733018112002
2721432915855626000000002953018112002
2721432915855626000000006703018112003
2721432915855635000000003712023112003
2721432915855641000000002961024112005
2721432915855671000000003323024082012
2721432915855686000000003833026082008
2721432915855707000000001003002092001
2721432915855745000000005673016092008
2721432915855788000000005743025092008
2721432915855805000000004891030092001
2721432915858022000000000513002102008
2721432915858097000000001842013072001
2721432915858128000000001293019102008
2721432915858152000000000103021102008
2721432915858207000000000723028102008
2721432915858214000000003032028072008
2721432915858315000000001693011082005
2721432915858326000000000523012082008
2721432915858337000000000733013112005
2721432915858357000000004092014082001
2721432915858370000000000562018112005
2721432915858393000000000621023112005
2721432915858420000000000533026082008
2721432915858440000000009723028082005
2721432915858474000000000122002092003
2721432915858474000000000132002092003
2721432915858582000000000393017092008
2721432915858612000000000503019062008
2721432915858658000000029243029062001
2721432915860013000000012163002102008
2721432915860023000000031463002102008
2721432915860025000000000723005102008
2721432915860030000000000763005102008
2721432915860038000000000072006042001
2721432915860043000000019403006102003
2721432915860065000000000922008102008
2721432915860067000000014052008102008
2721432915860067000000023913008102008
2721432915860067000000026843008102001
2721432915860067000000028593008102008
2721432915860067000000029713008102008
2721432915860075000000000563009102008
2721432915860081000000000783010072008
2721432915860085000000000812013102008
2721432915860097000000021053014102008
2721432915860109000000018473014102008
2721432915860114000000019343015102005
2721432915860114000000019703015102008
2721432915860114000000024173015102008
2721432915860118000000001013016102008
2721432915860126000000004163019102008
2721432915860126000000016393019102008
2721432915860126000000020573019102008
2721432915860130000000000603019102008
2721432915860136000000028363020102008
2721432915860136000000036403020102008
2721432915860136000000037673020102008
2721432915860136000000037763020102008
2721432915860142000000000533020102008
2721432915860148000000004673021102008
2721432915860148000000014063021102008
2721432915860149000000016383022012008
2721432915860149000000016443022012008
2721432915860152000000000893021102008
2721432915860165000000016703022102008
2721432915860173000000000623023102008
2721432915860173000000001213023102008
2721432915860173000000001443023102008
2721432915860173000000001973023102008
2721432915860176000000017173023102003
2721432915860182000000001393024072008
2721432915860184000000000373026102008
2721432915860184000000000443026102008
2721432915860187000000012003026102008
2721432915860187000000015763026102008
2721432915860187000000016753026102008
2721432915860187000000016833026102003
2721432915860187000000018133026102008
2721432915860195000000000713027102008
2721432915860196000000023803027102008
2721432915860208000000009543028102005
2721432915860208000000011463028102008
2721432915860208000000011753028102008
2721432915860220000000021153029102008
2721432915860230000000026683030102008
2721432915860250000000011822004112008
2721432915860250000000023313004112005
2721432915860250000000029983004112003
2721432915860256000000000593004082008
2721432915860257000000012413004082008
2721432915860257000000018303004082008
2721432915860265000000002983006112003
2721432915860269000000027073006112003
2721432915860275000000001193006112008
2721432915860278000000021433006082008
2721432915860282000000019773007082008
2721432915860284000000011682009112008
2721432915860284000000026903009112002
2721432915860294000000011113010112012
2721432915860314000000019803011112005
2721432915860314000000021413011112005
2721432915860317000000018123012082008
2721432915860329000000001363013112003
2721432915860330000000007812013082008
2721432915860337000000020693016112002
2721432915860337000000022613016112005
2721432915860337000000024053016112001
2721432915860340000000029373014082008
2721432915860341000000002343017082008
2721432915860349000000007902017112005
2721432915860349000000015503017112003
2721432915860349000000017173017112003
2721432915860349000000017823017112003
2721432915860355000000000011018112001
2721432915860355000000000862018112012
2721432915860359000000007221018112001
2721432915860359000000017773018112003
2721432915860359000000021063018112005
2721432915860359000000022893018112002
2721432915860366000000001923018112003
2721432915860369000000014613018112005
2721432915860369000000022341018112005
2721432915860369000000022571018112005
2721432915860369000000033402018112008
2721432915860369000000036722018112008
2721432915860369000000042433018112003
2721432915860369000000043043018112003
2721432915860369000000044213018112012
2721432915860369000000054493018112005
2721432915860369000000057293018112005
2721432915860369000000058233018112002
2721432915860369000000058673018112003
2721432915860369000000058823018112001
2721432915860369000000059073018112005
2721432915860369000000060283018112002
2721432915860369000000060623018112003
2721432915860369000000066893018112003
2721432915860369000000067273018112012
2721432915860369000000067393018112003
2721432915860369000000067873018112003
2721432915860369000000070443018112003
2721432915860369000000071743018112005
2721432915860371000000000143019112003
2721432915860371000000000733021082008
2721432915860373000000000521023112003
2721432915860377000000000311023112005
2721432915860380000000001282023112001
2721432915860380000000001292023112001
2721432915860380000000008931023112001
2721432915860380000000018252023112001
2721432915860380000000018932023112001
2721432915860380000000024493023112012
2721432915860388000000004401024112003
2721432915860388000000005611024112003
2721432915860417000000000413027082008
2721432915860429000000000933028082008
2721432915860466000000000263003092008
2721432915860469000000018623003092008
2721432915860472000000002043004092008
2721432915860532000000000323015092008
2721432915860538000000018443016092008
2721432915860544000000000503016092008
2721432915860549000000020193018092008
2721432915860585000000000413022092008
2721432915860592000000001433023092003
2721432915860600000000015253023092008
2721432915860614000000013423026062008
2721432915860629000000000513028092008
2721432915860641000000012093029092008
310000000287
