1101020200304
2721432915812250000000004273020042001
2721432915812567000000012753024072003
2721432915812577000000012512028072001
2721432915812582000000016863029072005
2721432915812592000000008923031072008
2721432915812607000000043663005082008
2721432915812608000000003663005082005
2721432915812618000000001943007082008
2721432915812622000000021653010082001
2721432915812632000000003663012082001
2721432915812638000000029613017082001
2721432915812643000000007682014082008
2721432915812643000000020963014082008
2721432915812643000000021923014082003
2721432915812647000000004302021082012
2721432915812647000000007692021082001
2721432915812649000000001911021082012
2721432915812651000000009513021082005
2721432915812656000000000541021082001
2721432915812664000000000073025082008
2721432915812665000000012472025082008
2721432915812670000000000521026082001
2721432915812670000000020813026082003
2721432915812680000000007052028082001
2721432915812685000000019773031082005
2721432915812687000000001733001092005
2721432915812709000000000692004092002
2721432915812717000000020343009092001
2721432915812718000000004703009092005
2721432915812728000000008352011092001
2721432915812728000000009832011092001
2721432915812734000000012462015092001
2721432915812735000000005463015092005
2721432915812737000000019883016092008
2721432915812737000000023033016092008
2721432915812739000000002073017092001
2721432915812741000000017383017092008
2721432915812741000000026763017092003
2721432915812746000000010472018092001
2721432915812746000000016683018092003
2721432915812755000000003553022092001
2721432915812757000000019473022092003
2721432915812757000000020313022092001
2721432915812761000000008102023092005
2721432915812761000000008983023092012
2721432915812771000000002901025092012
2721432915812771000000003751025092012
2721432915812785000000002633001102003
2721432915812786000000013703001102005
2721432915812786000000016413001102005
2721432915812791000000001462002102011
2721432915812792000000007742002102011
2721432915812792000000016623002102003
2721432915812795000000004903005102003
2721432915812796000000007292005102006
2721432915812796000000016133005102003
2721432915812799000000001133006102001
2721432915812799000000001143006102001
2721432915812799000000001443006102005
2721432915812800000000003213006102005
2721432915812800000000003223006102005
2721432915812800000000003233006102005
2721432915812800000000003243006102005
2721432915812800000000003253006102005
2721432915812800000000003853006102005
2721432915812800000000004113006102003
2721432915812801000000016103006102003
2721432915812803000000002883007102002
2721432915812804000000000281007102001
2721432915812811000000002841008102003
2721432915812811000000003011008102001
2721432915855454000000002583002102003
2721432915855461000000003943005102003
2721432915855461000000004183005102005
2721432915855473000000008692007072008
2721432915855492000000003413010072001
2721432915855632000000003513013082012
2721432915855632000000003803013082003
2721432915855655000000005043019082003
2721432915855671000000002122024082001
2721432915855671000000003133024082008
2721432915855753000000002692017092008
2721432915855773000000000561022092001
2721432915855773000000008303022092005
2721432915855773000000010373022092001
2721432915855780000000002983023092003
2721432915855788000000004103025092012
2721432915855790000000005723025092001
2721432915855795000000002903028092003
2721432915855799000000003593029092002
2721432915855799000000006563029092003
2721432915855805000000003993030092001
2721432915855805000000004941030092012
2721432915855811000000004333030092005
2721432915855826000000003272026032008
2721432915858020000000000903002102002
2721432915858039000000006292006072001
2721432915858103000000000303014072008
2721432915858282000000003642005082008
2721432915858324000000001443011082011
2721432915858395000000010603021082012
2721432915858446000000000423028082008
2721432915858449000000002983028082008
2721432915858460000000000772031082001
2721432915858471000000000983001092001
2721432915858474000000000101002092001
2721432915858474000000000111002092001
2721432915858476000000000703002092001
2721432915858477000000000161002092001
2721432915858503000000000161004092012
2721432915858505000000001103008092003
2721432915858513000000005422008092008
2721432915858536000000000503014092008
2721432915858536000000000523014092008
2721432915858564000000000323016092008
2721432915858573000000000692018092001
2721432915858581000000000113017092005
2721432915858616000000000331023092001
2721432915858617000000000351023092012
2721432915858628000000000122023092011
2721432915858658000000047363029062001
2721432915858668000000000291029092005
2721432915858677000000000492029062012
2721432915860010000000001993002102002
2721432915860013000000008992002102003
2721432915860013000000016813002102003
2721432915860023000000000091002102001
2721432915860023000000003153002102001
2721432915860023000000015442002102001
2721432915860023000000020573002102005
2721432915860023000000023373002102002
2721432915860023000000024453002102003
2721432915860023000000025623002102003
2721432915860023000000025633002102003
2721432915860031000000006582003042008
2721432915860033000000011313005102003
2721432915860033000000018313005102003
2721432915860033000000018613005102003
2721432915860043000000006261006102012
2721432915860043000000024353006102003
2721432915860067000000000243008072008
2721432915860247000000017532003082001
2721432915860247000000032293003082008
2721432915860247000000043753003082008
2721432915860275000000000943006082005
2721432915860278000000022743006082008
2721432915860282000000021723007082008
2721432915860282000000022373007082008
2721432915860287000000000703007082008
2721432915860287000000000723007082008
2721432915860287000000001043007082008
2721432915860298000000002363012022008
2721432915860308000000024983011082008
2721432915860337000000000733014082008
2721432915860351000000017223019082008
2721432915860360000000000403020082008
2721432915860360000000000523020082008
2721432915860362000000018573020082008
2721432915860371000000000673021082008
2721432915860377000000024253021082008
2721432915860377000000026373021082001
2721432915860377000000027473021082008
2721432915860377000000027882021082008
2721432915860377000000028953021082008
2721432915860389000000000051025082001
2721432915860408000000019233026082008
2721432915860417000000000493027082008
2721432915860420000000022223027082003
2721432915860423000000001723028082005
2721432915860429000000001093028082008
2721432915860429000000001113028082008
2721432915860429000000001273028082008
2721432915860430000000011842028082001
2721432915860430000000024413028082001
2721432915860430000000027023028082008
2721432915860439000000017703031082003
2721432915860439000000020503031082008
2721432915860441000000001953001092008
2721432915860444000000000041001092001
2721432915860444000000000051001092001
2721432915860448000000008771001092001
2721432915860456000000003261002092001
2721432915860456000000013453002092005
2721432915860456000000020273002092008
2721432915860466000000000803003092008
2721432915860469000000013763003092008
2721432915860469000000019863003092008
2721432915860469000000021563003092003
2721432915860469000000021643003092008
2721432915860472000000000893004092008
2721432915860475000000015383008062008
2721432915860484000000000223008092008
2721432915860486000000004243008092008
2721432915860486000000005781008092001
2721432915860486000000020673008092008
2721432915860498000000000193009092008
2721432915860503000000022183010092008
2721432915860509000000002693010092003
2721432915860509000000007783010092005
2721432915860509000000007793010092005
2721432915860511000000001043011092008
2721432915860513000000026763014092008
2721432915860513000000033973014092008
2721432915860522000000000223014092003
2721432915860527000000024543015092008
2721432915860527000000024563015092008
2721432915860532000000000213015092003
2721432915860538000000018213016092003
2721432915860538000000022373016092002
2721432915860538000000023043016092001
2721432915860549000000020683018092008
2721432915860561000000025523018092003
2721432915860569000000007662021092005
2721432915860572000000023583020032002
2721432915860579000000005671022092001
2721432915860579000000007862022092003
2721432915860579000000013683022092003
2721432915860590000000022603023092012
2721432915860600000000003342023092011
2721432915860610000000001163024092005
2721432915860615000000005571025092012
2721432915860615000000009692025092001
2721432915860615000000022023025092003
2721432915860625000000002083028092001
2721432915860638000000001363029092004
2721432915860641000000014463029092003
2721432915860641000000015053029092008
2721432915860643000000001171030092001
310000000228
