1160920200302
2721432915812363000000012383027052008
2721432915812409000000002423008062001
2721432915812519000000013783010072008
2721432915812591000000004203031072008
2721432915812607000000019702005082008
2721432915812607000000022543005082008
2721432915812607000000038203005082008
2721432915812611000000002793006082008
2721432915812612000000011173006082001
2721432915812612000000018933006082005
2721432915812616000000004753007082008
2721432915812622000000008962010082008
2721432915812622000000011622010082008
2721432915812638000000007942017082008
2721432915812648000000001672021082001
2721432915812654000000001983021082003
2721432915812658000000003343021082008
2721432915812663000000002373024082008
2721432915812670000000020433026082003
2721432915812671000000001993026082003
2721432915812678000000006013028082001
2721432915812690000000017863001092003
2721432915812700000000027093003092002
2721432915812717000000019483009092003
2721432915812717000000033003009092001
2721432915812728000000004121011092002
2721432915855479000000003183008072008
2721432915855499000000000571010072008
2721432915855566000000005263028072001
2721432915855596000000007143004082008
2721432915855611000000009183007082008
2721432915855622000000008133011082008
2721432915855622000000009003011082008
2721432915855643000000008453017082008
2721432915855655000000004373019082008
2721432915855687000000000583028082008
2721432915858014000000002143001042008
2721432915858049000000004962007072008
2721432915858180000000003453023072008
2721432915858192000000009532024072008
2721432915858202000000004122027072008
2721432915858225000000003452029072008
2721432915858243000000004492031072008
2721432915858248000000007293031072008
2721432915858286000000000613006082008
2721432915858298000000006923007082008
2721432915858439000000008263028082002
2721432915858440000000004501028082012
2721432915858440000000018073028082001
2721432915858461000000000572031082011
2721432915858474000000000273002092002
2721432915858503000000000403004092008
2721432915858513000000007982008092002
2721432915858513000000011783008092001
2721432915860100000000000443014072008
2721432915860143000000016103020072008
2721432915860174000000003631023072008
2721432915860223000000000413030072008
2721432915860237000000018903031072008
2721432915860247000000042763003082008
2721432915860257000000013503004082008
2721432915860270000000020363005082008
2721432915860278000000011112006082008
2721432915860278000000019943006082008
2721432915860282000000022643007082008
2721432915860287000000000223007082008
2721432915860306000000000383011082008
2721432915860308000000014612011082008
2721432915860308000000028673011082008
2721432915860308000000028683011082008
2721432915860330000000020213013082008
2721432915860330000000020633013082008
2721432915860337000000001013014082008
2721432915860337000000001023014082008
2721432915860340000000006593014082008
2721432915860340000000029363014082003
2721432915860340000000033923014082008
2721432915860340000000033993014082008
2721432915860351000000009042019082008
2721432915860377000000016533021082008
2721432915860377000000025433021082008
2721432915860408000000005801026082012
2721432915860408000000012683026082005
2721432915860408000000018803026082002
2721432915860448000000006731001092001
2721432915860456000000009962002092001
2721432915860469000000018053003092002
2721432915860479000000001323008092001
2721432915860503000000006841010092005
2721432915860582000000017763023062008
2721432915860582000000018063023062008
310000000091
