1041120200304
2721432915812542000000001392016072001
2721432915812557000000015973022072008
2721432915812563000000000743023072008
2721432915812577000000040253028072008
2721432915812616000000000892007082008
2721432915812617000000014773007082008
2721432915812622000000009072010082005
2721432915812622000000022653010082008
2721432915812627000000003683011082008
2721432915812633000000007542012082005
2721432915812638000000007832017082001
2721432915812638000000024203017082008
2721432915812643000000019673014082001
2721432915812647000000006962021082005
2721432915812647000000013883021082008
2721432915812649000000028503021082008
2721432915812661000000001703024082008
2721432915812665000000021683025082003
2721432915812668000000002612025082008
2721432915812682000000001833031082001
2721432915812682000000003413031082008
2721432915812690000000010792001092001
2721432915812690000000020443001092008
2721432915812695000000007662002092008
2721432915812701000000001903003092012
2721432915812704000000001052004092008
2721432915812713000000004732008092008
2721432915812713000000014323008092011
2721432915812713000000019543008092003
2721432915812716000000002813009092001
2721432915812717000000004931009092012
2721432915812724000000006373010092008
2721432915812731000000013423014092008
2721432915812734000000012602015092005
2721432915812737000000010572016092008
2721432915812741000000006592017092008
2721432915812748000000002292021092008
2721432915812757000000001801022092001
2721432915812766000000020283024092001
2721432915812785000000003093001102001
2721432915812791000000000702002102008
2721432915812792000000003962002102008
2721432915812792000000014963002102008
2721432915812792000000017953002102008
2721432915812796000000001461005102001
2721432915812796000000001471005102001
2721432915812801000000025303006102001
2721432915812802000000004333006102001
2721432915812806000000000581007102012
2721432915812811000000022093008102001
2721432915812816000000010003009102001
2721432915812821000000002141013102001
2721432915812821000000021783013102003
2721432915812821000000028243013102011
2721432915812824000000000261014102001
2721432915812837000000019423016102001
2721432915812842000000002591019102012
2721432915812842000000006712019102003
2721432915812842000000018063019102001
2721432915812842000000018723019102003
2721432915812844000000014283019102001
2721432915812845000000006513019102001
2721432915812845000000007823019102001
2721432915812850000000001631020102001
2721432915812850000000001641020102001
2721432915812850000000017453020102001
2721432915812850000000017683020102005
2721432915812850000000018653020102001
2721432915812855000000002321021102001
2721432915812855000000006092021102001
2721432915812855000000018543021102005
2721432915812855000000023423021102003
2721432915812855000000025523021102002
2721432915812855000000025703021102005
2721432915812855000000026723021102003
2721432915812860000000019683022102001
2721432915812860000000022543022102003
2721432915812861000000000561022102001
2721432915812861000000002433022102011
2721432915812864000000002863023102003
2721432915812864000000004343023102002
2721432915812867000000001811026102001
2721432915812867000000002731026102005
2721432915812867000000013403026102001
2721432915812867000000019543026102012
2721432915812869000000002913026102003
2721432915812869000000004633026102001
2721432915812873000000016953027102011
2721432915812873000000016973027102003
2721432915812873000000017603027102012
2721432915812874000000002703027102003
2721432915812874000000003303027102001
2721432915812878000000000191028102012
2721432915812878000000000331028102001
2721432915812878000000001721028102003
2721432915812878000000009733028102003
2721432915812878000000014493028102003
2721432915812879000000001123028102001
2721432915812880000000000452029102001
2721432915812882000000001772029102001
2721432915812883000000001821029102012
2721432915812883000000003691029102012
2721432915812883000000018693029102003
2721432915812884000000001803029102003
2721432915855483000000005533009102003
2721432915855506000000001703015102005
2721432915855513000000003023019102003
2721432915855513000000006623019102005
2721432915855526000000010413021102001
2721432915855526000000011593021102003
2721432915855526000000012753021102003
2721432915855542000000004233026102003
2721432915855547000000002143027102002
2721432915855557000000000181028102012
2721432915855557000000002742028102005
2721432915855557000000004672028102005
2721432915855557000000004912028102005
2721432915855557000000005482028102001
2721432915855557000000006512028102005
2721432915855557000000011563028102003
2721432915855557000000011693028102002
2721432915855557000000016733028102003
2721432915855557000000019101028102001
2721432915855557000000025983028102003
2721432915855601000000006073005082008
2721432915855665000000006542021082008
2721432915855671000000003113024082008
2721432915855675000000006323025082001
2721432915855686000000000963026082008
2721432915855691000000013153028082001
2721432915855701000000002813001092008
2721432915855701000000003763001092008
2721432915855707000000001043002092008
2721432915855788000000005853025092008
2721432915855788000000006722025092008
2721432915855790000000003442025092008
2721432915855795000000003732028092008
2721432915855799000000000571029092008
2721432915855811000000003652030092001
2721432915858051000000000231007102001
2721432915858075000000000903009102001
2721432915858077000000000763009102012
2721432915858116000000000393016102008
2721432915858128000000000893019102001
2721432915858136000000001523020102003
2721432915858141000000000903020102008
2721432915858166000000000081022102001
2721432915858166000000000091022102001
2721432915858183000000000553026102011
2721432915858201000000000163027102002
2721432915858203000000000252027102005
2721432915858405000000008093025082008
2721432915858422000000003612026082008
2721432915858422000000007463026082008
2721432915858505000000001063008092008
2721432915858513000000016273008092008
2721432915858513000000016433008092008
2721432915858548000000001093015092008
2721432915858572000000000873018092008
2721432915858630000000005033023062008
2721432915858660000000000953029092008
2721432915858665000000006473026062001
2721432915858671000000000623030092008
2721432915860010000000002013002102008
2721432915860010000000002023002102008
2721432915860010000000002043002102008
2721432915860013000000006182002102008
2721432915860020000000000343002102008
2721432915860020000000001543002102008
2721432915860020000000001563002102008
2721432915860023000000024543002102008
2721432915860023000000032333002102008
2721432915860023000000032453002102008
2721432915860033000000005891005102008
2721432915860033000000006622005102008
2721432915860048000000000011007102001
2721432915860053000000000073007102008
2721432915860056000000015483007102008
2721432915860056000000015683007102008
2721432915860065000000000373008102008
2721432915860067000000015963008102008
2721432915860067000000023993008102003
2721432915860097000000025993014102003
2721432915860123000000000413019102005
2721432915860126000000020003019102003
2721432915860130000000001093019102005
2721432915860133000000001232017072001
2721432915860136000000026673020102012
2721432915860136000000030833020102005
2721432915860136000000032933020102008
2721432915860142000000000433020072008
2721432915860148000000007631021102008
2721432915860148000000020273021102001
2721432915860148000000021353021102008
2721432915860165000000006861022102001
2721432915860165000000023453022102003
2721432915860180000000000643026102001
2721432915860180000000001253026102008
2721432915860182000000001023024072008
2721432915860187000000003513026102003
2721432915860187000000003623026102011
2721432915860187000000016063026102001
2721432915860187000000016433026102011
2721432915860187000000019203026102011
2721432915860195000000000063027102008
2721432915860196000000013953027102012
2721432915860196000000020403027102002
2721432915860196000000021213027102002
2721432915860196000000021403027102005
2721432915860208000000007273028102005
2721432915860220000000004901029102003
2721432915860220000000006041029102003
2721432915860220000000006631029102005
2721432915860220000000006901029102012
2721432915860220000000007271029102001
2721432915860230000000032623030102003
2721432915860246000000000453003082008
2721432915860247000000036573003082012
2721432915860257000000018873004082003
2721432915860265000000004933005082008
2721432915860265000000004943005082008
2721432915860277000000000773006082008
2721432915860308000000015522011082001
2721432915860341000000002533017082002
2721432915860351000000002393019082008
2721432915860351000000013673019082002
2721432915860351000000016093019082003
2721432915860362000000013993020082008
2721432915860369000000000283021082005
2721432915860377000000012622021082001
2721432915860377000000028083021082008
2721432915860377000000028863021082008
2721432915860381000000002863024082008
2721432915860403000000000683026082008
2721432915860408000000007532026082005
2721432915860408000000016963026082008
2721432915860436000000000493031082008
2721432915860439000000188843010091903
2721432915860456000000011023002092008
2721432915860462000000002153003092008
2721432915860486000000016133008092001
2721432915860486000000017873008092008
2721432915860503000000006431010092012
2721432915860503000000019133010092008
2721432915860509000000014823010092008
2721432915860513000000029873014092008
2721432915860527000000016753015092008
2721432915860538000000025203016092011
2721432915860544000000000493016092008
2721432915860549000000014773018092008
2721432915860566000000000943018092008
2721432915860566000000000953018092008
2721432915860569000000013123021092002
2721432915860569000000018223021092008
2721432915860590000000020803023092002
2721432915860600000000009012023092008
2721432915860603000000014733025032008
2721432915860611000000001143024092008
2721432915860615000000010012025092008
2721432915860615000000019403025092005
2721432915860620000000001293025092008
2721432915860620000000001303025092008
2721432915860638000000000293029092008
2721432915860638000000000443029092008
2721432915860638000000000783029092008
2721432915860638000000001022029092008
2721432915860641000000014323029092001
2721432915860641000000016343029092005
2721432915860649000000005951030092008
2721432915860649000000016233030092011
2721432915860649000000018903030092008
310000000271
