1111120200304
2721432915811888000000000161021012001
2721432915811994000000013813014022005
2721432915812353000000002363022052008
2721432915812416000000012193010062008
2721432915812416000000012203010062008
2721432915812432000000001861016062005
2721432915812447000000022333022062005
2721432915812539000000018413016072008
2721432915812549000000009423017072005
2721432915812577000000012882028072001
2721432915812656000000004303021082001
2721432915812670000000022033026082008
2721432915812678000000002162028082008
2721432915812690000000019223001092008
2721432915812708000000008982004092008
2721432915812711000000003123008092005
2721432915812717000000016062009092008
2721432915812717000000026373009092008
2721432915812722000000012263010092008
2721432915812728000000023283011092008
2721432915812734000000031573015092008
2721432915812741000000019843017092008
2721432915812751000000002581021092005
2721432915812751000000018613021092008
2721432915812757000000012833022092005
2721432915812766000000014003024092008
2721432915812766000000017433024092005
2721432915812766000000020203024092012
2721432915812771000000014203025092011
2721432915812772000000004043025092008
2721432915812775000000000661028092005
2721432915812785000000002813001102008
2721432915812795000000004803005102001
2721432915812801000000011462006102008
2721432915812801000000024813006102008
2721432915812802000000001672006102008
2721432915812803000000003033007102008
2721432915812806000000003911007102008
2721432915812806000000015953007102003
2721432915812811000000015393008102008
2721432915812817000000001683009102001
2721432915812821000000028683013102008
2721432915812826000000022243014102001
2721432915812831000000015463015102008
2721432915812832000000000392015102008
2721432915812837000000009522016102001
2721432915812845000000007693019102011
2721432915812855000000019543021102005
2721432915812855000000024843021102003
2721432915812855000000030823021102003
2721432915812859000000002813022102005
2721432915812867000000023283026102003
2721432915812878000000013543028102002
2721432915812880000000000502029102001
2721432915812882000000004103029102002
2721432915812883000000007582029102001
2721432915812885000000004023030102001
2721432915812890000000000033003112011
2721432915812892000000003743003112003
2721432915812893000000004052003112001
2721432915812893000000005462003112005
2721432915812893000000013583003112004
2721432915812893000000015953003112002
2721432915812893000000017503003112002
2721432915812893000000017683003112003
2721432915812893000000017943003112005
2721432915812896000000000241004112001
2721432915812897000000003073004112003
2721432915812898000000018063004112001
2721432915812898000000023113004112003
2721432915812898000000023683004112001
2721432915812898000000030913004112003
2721432915812902000000003403005112003
2721432915812903000000001632005112005
2721432915812903000000006763005112008
2721432915812909000000002641006112012
2721432915812915000000001611009112012
2721432915812915000000005271009112005
2721432915855454000000005173002102001
2721432915855461000000001162005102008
2721432915855476000000003123008102008
2721432915855495000000009423014102008
2721432915855526000000008603021102005
2721432915855551000000001983028102008
2721432915855557000000008343028102008
2721432915855557000000017083028102003
2721432915855557000000020652028102001
2721432915855557000000025583028102002
2721432915855563000000001633030102008
2721432915855563000000002153030102001
2721432915855563000000002693030102005
2721432915855563000000004973030102005
2721432915855568000000010093003112002
2721432915855568000000010873003112003
2721432915855568000000011233003112003
2721432915855568000000011563003112002
2721432915855568000000012063003112003
2721432915855568000000016973003112002
2721432915855568000000017053003112002
2721432915855568000000017153003112012
2721432915855568000000018093003112002
2721432915855568000000018753003112003
2721432915855570000000000241029072001
2721432915855571000000002623004112003
2721432915855573000000000771005112001
2721432915855573000000007813005112002
2721432915855580000000001822006112004
2721432915855589000000000011009112003
2721432915855589000000001541009112001
2721432915855589000000001551009112001
2721432915855589000000001671009112002
2721432915855648000000003643018082008
2721432915855680000000001262026082008
2721432915855687000000000543028082008
2721432915855701000000006693001092008
2721432915855707000000003793002092003
2721432915855799000000006233029092008
2721432915855805000000003463030092008
2721432915855805000000004733030092008
2721432915855805000000007833030092008
2721432915855811000000002313030092008
2721432915858031000000000273005102008
2721432915858062000000000713008102008
2721432915858098000000000453014102008
2721432915858127000000009543015072003
2721432915858147000000000493023102001
2721432915858232000000000113030102003
2721432915858270000000005523004082012
2721432915858315000000001553011082008
2721432915858371000000000561019082001
2721432915858384000000005173020082008
2721432915858395000000008783021082008
2721432915858410000000000413025082008
2721432915858640000000000723025092008
2721432915860010000000000743002102008
2721432915860010000000001143002102008
2721432915860015000000001163002102008
2721432915860020000000000263002102008
2721432915860020000000000543002102008
2721432915860020000000000553002102008
2721432915860023000000012192002102008
2721432915860023000000032823002102008
2721432915860030000000000173005102008
2721432915860030000000000263005102008
2721432915860030000000000843005102008
2721432915860033000000015133005102008
2721432915860040000000000483006102008
2721432915860040000000000773006102008
2721432915860040000000001003006102008
2721432915860043000000017073006102008
2721432915860043000000017173006102008
2721432915860043000000019973006102012
2721432915860053000000000123007102008
2721432915860053000000000723007102008
2721432915860056000000016203007102008
2721432915860067000000005503008102008
2721432915860067000000026633008102008
2721432915860075000000000333009102008
2721432915860075000000000343009102008
2721432915860075000000001853009102008
2721432915860085000000000963013102008
2721432915860094000000000263014102008
2721432915860097000000022423014102008
2721432915860097000000025963014102008
2721432915860107000000000983014102008
2721432915860109000000014613014102003
2721432915860114000000022813015102008
2721432915860118000000000133016102008
2721432915860130000000000133019102008
2721432915860136000000031873020102001
2721432915860136000000032503020102008
2721432915860143000000023083020072008
2721432915860148000000024153021102001
2721432915860152000000001043021102008
2721432915860176000000016593023102002
2721432915860176000000016743023102012
2721432915860176000000022753023102008
2721432915860184000000029813024072008
2721432915860187000000016573026102012
2721432915860196000000009962027102003
2721432915860196000000013233027102001
2721432915860196000000021203027102011
2721432915860201000000001793029042008
2721432915860204000000017953028072011
2721432915860208000000003842028102005
2721432915860208000000009373028102001
2721432915860208000000010033028102001
2721432915860217000000000193003112002
2721432915860220000000012793029102005
2721432915860220000000017043029102003
2721432915860220000000018923029102003
2721432915860220000000021723029102008
2721432915860226000000000542030102001
2721432915860230000000012422030102012
2721432915860230000000017402030102001
2721432915860230000000034693030102003
2721432915860232000000001233003112003
2721432915860232000000001313003112002
2721432915860233000000000943003112012
2721432915860233000000001143003112003
2721432915860240000000007943003112002
2721432915860240000000008403003112005
2721432915860250000000017672004112011
2721432915860250000000029483004112005
2721432915860250000000030133004112003
2721432915860250000000030163004112001
2721432915860262000000004292005112003
2721432915860262000000004772005112011
2721432915860262000000009373005112001
2721432915860265000000004203008052005
2721432915860269000000008191006112012
2721432915860269000000009561006112005
2721432915860269000000010161006112001
2721432915860269000000020443006112003
2721432915860269000000027323006112003
2721432915860274000000000091006112001
2721432915860284000000006441009112012
2721432915860284000000007091009112001
2721432915860323000000036133018111901
2721432915860351000000007952019082008
2721432915860422000000016203028022007
2721432915860439000000017653031082008
2721432915860448000000030093001092008
2721432915860462000000002403003092001
2721432915860477000000002183004092008
2721432915860503000000025443010092008
2721432915860513000000024493014092008
2721432915860513000000029353014092008
2721432915860538000000030493016092008
2721432915860549000000018393018092008
2721432915860561000000021433018092002
2721432915860566000000000213018092008
2721432915860579000000015073022092001
2721432915860579000000018943022092002
2721432915860585000000000573022092008
2721432915860595000000000323023092008
2721432915860597000000001083024062001
2721432915860600000000017923023092008
2721432915860604000000000453024092008
2721432915860620000000000693025092008
2721432915860620000000000703025092008
2721432915860620000000002123025092008
2721432915860638000000001573029092008
2721432915860648000000001393030092008
2721432915860649000000003823030092008
2721432915860649000000015073030092008
2721432915860649000000017703030092008
2721432915860649000000018213030092008
2721432915860649000000018873030092008
310000000249
