1120820200307
2721432915812025000000018753021022003
2721432915812181000000010033001042008
2721432915812227000000009252014042001
2721432915812310000000002592011052008
2721432915812335000000001983015052008
2721432915812348000000014453021052008
2721432915812430000000001732016062008
2721432915812435000000003503017062005
2721432915812450000000011273023062001
2721432915812463000000015023025062001
2721432915812463000000015723025062008
2721432915812463000000016063025062008
2721432915812466000000001072026062008
2721432915812468000000003252026062008
2721432915812473000000017743026062008
2721432915812483000000004152030062008
2721432915812491000000000063002072008
2721432915812509000000003731007072001
2721432915812513000000003443008072008
2721432915812514000000018183008072001
2721432915812517000000000671010072005
2721432915812519000000018403010072008
2721432915812522000000001812013072001
2721432915812533000000004413015072008
2721432915812534000000002131015072012
2721432915812538000000005283016072008
2721432915812539000000018363016072005
2721432915812539000000018533016072002
2721432915812539000000020443016072001
2721432915812552000000001942020072012
2721432915812552000000004533020072008
2721432915812572000000002681027072001
2721432915812572000000005272027072001
2721432915812577000000025673028072008
2721432915812577000000042413028072003
2721432915812581000000003153029072005
2721432915812587000000016243030072011
2721432915812593000000007223031072005
2721432915812594000000001683031072001
2721432915812597000000000181003082001
2721432915812599000000000923003082005
2721432915812606000000000341005082012
2721432915812607000000000801005082001
2721432915812607000000012222005082005
2721432915812607000000026163005082005
2721432915812607000000028033005082008
2721432915812607000000038503005082003
2721432915812608000000004303005082003
2721432915812611000000004213006082003
2721432915812612000000008482006082003
2721432915812612000000011713006082002
2721432915812612000000012083006082005
2721432915812617000000000061007082005
2721432915812617000000018043007082011
2721432915812617000000018963007082003
2721432915812620000000000431010082002
2721432915855455000000006771001072001
2721432915855469000000005483003072008
2721432915855479000000002633008072008
2721432915855492000000000823010072008
2721432915855506000000001893013072008
2721432915855536000000003982021072005
2721432915855566000000007493028072008
2721432915855578000000003032030072001
2721432915855578000000004493030072005
2721432915855578000000006763030072003
2721432915855578000000007583030072001
2721432915855601000000003103005082002
2721432915855601000000006683005082001
2721432915855787000000003502030062001
2721432915855920000000001131018081705
2721432915857754000000002393015042008
2721432915857754000000007013015042008
2721432915857755000000001533024012008
2721432915858008000000011223001072008
2721432915858008000000014013001072008
2721432915858018000000006353001072001
2721432915858039000000011493006072008
2721432915858049000000002401007072012
2721432915858049000000004932007072008
2721432915858098000000000663013072008
2721432915858127000000009113015072008
2721432915858192000000002523024072005
2721432915858202000000007243027072002
2721432915858225000000002942029072001
2721432915858248000000004843031072005
2721432915858248000000007133031072002
2721432915858254000000002593003082003
2721432915858282000000008333005082001
2721432915858396000000002122022052001
2721432915858407000000011043027052008
2721432915858427000000002392027052008
2721432915858427000000003033027052001
2721432915858612000000000673019062008
2721432915858658000000001132029062005
2721432915858658000000051843029062008
2721432915858665000000002111026062001
2721432915860013000000000333001072008
2721432915860018000000016963001072005
2721432915860039000000029713006072008
2721432915860049000000016143007072008
2721432915860049000000022533007072008
2721432915860067000000000203008072008
2721432915860071000000014383008072008
2721432915860074000000001033009072002
2721432915860081000000000393010072008
2721432915860083000000022143010072008
2721432915860083000000023913010072008
2721432915860088000000000673013072005
2721432915860089000000000233013072008
2721432915860093000000010283013072011
2721432915860093000000013953013072008
2721432915860093000000014953013072008
2721432915860101000000020313014072001
2721432915860101000000024233014072008
2721432915860111000000008122015072008
2721432915860111000000015013015072008
2721432915860115000000000293015072008
2721432915860115000000000423015072008
2721432915860121000000007811015072008
2721432915860121000000024873015072008
2721432915860133000000000443017072008
2721432915860142000000000193020072008
2721432915860142000000000253020072008
2721432915860143000000020103020072008
2721432915860153000000016833021072001
2721432915860174000000011983023072003
2721432915860184000000026953024072005
2721432915860184000000040623024072002
2721432915860184000000041703024072003
2721432915860184000000043423024072003
2721432915860194000000005003027072003
2721432915860194000000008242027072001
2721432915860213000000000052029072001
2721432915860222000000000733004052001
2721432915860226000000002121030072012
2721432915860226000000006813030072005
2721432915860243000000000643003082001
2721432915860243000000000901003082012
2721432915860247000000009413003082002
2721432915860247000000021072003082002
2721432915860247000000022172003082001
2721432915860247000000031343003082003
2721432915860247000000038063003082003
2721432915860247000000041933003082011
2721432915860247000000042713003082003
2721432915860247000000042893003082002
2721432915860247000000042913003082003
2721432915860254000000001373004082001
2721432915860257000000000993004082005
2721432915860257000000017563004082003
2721432915860265000000019363005082003
2721432915860265000000020512005082001
2721432915860266000000000471005082012
2721432915860270000000006481005082012
2721432915860270000000016483005082002
2721432915860270000000019063005082003
2721432915860278000000014723006082002
2721432915860278000000018173006082003
2721432915860278000000021493006082003
2721432915860278000000021693006082003
2721432915860278000000023093006082003
2721432915860282000000005601007082002
2721432915860439000000000883002062008
2721432915860471000000000173008062008
2721432915860478000000001743008062008
2721432915860503000000000473010062008
2721432915860503000000000483010062008
2721432915860503000000000553010062008
2721432915860503000000003433010062008
2721432915860507000000014943011032003
2721432915860532000000013593016062008
2721432915860539000000022503016062008
2721432915860550000000009291017062001
2721432915860550000000027873017062008
2721432915860562000000010773019062002
2721432915860582000000018033023062008
2721432915860592000000011503024062008
2721432915860592000000015843024062008
2721432915860620000000000183029062008
310000000180
