1131020200301
2721432915812607000000014662005082008
2721432915812622000000020183010082005
2721432915812628000000015443011082005
2721432915812633000000016353012082005
2721432915812649000000024433021082005
2721432915812651000000013273021082005
2721432915812665000000021153025082005
2721432915812665000000021163025082005
2721432915812665000000021173025082005
2721432915812680000000018093028082001
2721432915812690000000018643001092005
2721432915812699000000004003003092001
2721432915812713000000015493008092005
2721432915812717000000026663009092005
2721432915812741000000021593017092005
2721432915812746000000020433018092005
2721432915812751000000018733021092005
2721432915812766000000018733024092005
2721432915812771000000014673025092005
2721432915812771000000014683025092005
2721432915812772000000003343025092005
2721432915860340000000014202014082008
2721432915860340000000024943014082002
310000000023
