1260820200302
2721432915812393000000009803003062008
2721432915812393000000015623003062008
2721432915812427000000014133015062005
2721432915812447000000011512022062008
2721432915812450000000004742023062008
2721432915812461000000003723025062008
2721432915812468000000011733026062003
2721432915812473000000004282026062008
2721432915812478000000013823029062008
2721432915812503000000003053006072008
2721432915812504000000008273006072008
2721432915812509000000015092007072008
2721432915812517000000004333010072010
2721432915812528000000002963014072008
2721432915812529000000013713014072008
2721432915812529000000025563014072008
2721432915812549000000006653017072008
2721432915812552000000000901020072008
2721432915812562000000018553023072008
2721432915812576000000003913028072008
2721432915812577000000015212028072008
2721432915812577000000026123028072001
2721432915812578000000001322028072008
2721432915812582000000003331029072012
2721432915812582000000007042029072008
2721432915812587000000005302030072012
2721432915812607000000010002005082012
2721432915812607000000031013005082001
2721432915812643000000011332014082001
2721432915812648000000000762021082001
2721432915812651000000008182021082005
2721432915812661000000000471024082012
2721432915855473000000001341007072008
2721432915855543000000002733022072005
2721432915855543000000003783022072003
2721432915855543000000004113022072008
2721432915855561000000002313027072008
2721432915855566000000001222028072012
2721432915855566000000005183028072008
2721432915855566000000006612028072008
2721432915855578000000004113030072008
2721432915855578000000010153030072008
2721432915855627000000003633012082003
2721432915858018000000008393001072001
2721432915858039000000009873006072005
2721432915858063000000000293008072008
2721432915858084000000000223010072008
2721432915858098000000000683013072008
2721432915858098000000000693013072008
2721432915858162000000003922021072008
2721432915858168000000003513022072008
2721432915858192000000008122024072008
2721432915858192000000018903024072008
2721432915858213000000000291028072012
2721432915858225000000000953029072008
2721432915858235000000002013030072008
2721432915858335000000007763012082001
2721432915858357000000009063014082005
2721432915858357000000012153014082003
2721432915858361000000000613018082003
2721432915858369000000002672019082005
2721432915858369000000006423019082002
2721432915858376000000000022020082012
2721432915858395000000006813021082001
2721432915858598000000000453018062008
2721432915858665000000002991026062008
2721432915860035000000000273006072008
2721432915860039000000031842006072001
2721432915860039000000032663006072008
2721432915860083000000004712010072008
2721432915860093000000008973013072008
2721432915860101000000014093014072008
2721432915860101000000020043014072008
2721432915860111000000017353015072008
2721432915860142000000000513020072008
2721432915860159000000001053022072008
2721432915860162000000010933022072008
2721432915860163000000009863023042001
2721432915860173000000000223023072008
2721432915860173000000000233023072008
2721432915860174000000008323023072008
2721432915860182000000000913024072008
2721432915860184000000029883024072008
2721432915860184000000039663024072008
2721432915860184000000040693024072008
2721432915860204000000012813028072008
2721432915860204000000014523028072008
2721432915860213000000000363029072008
2721432915860215000000000993029072008
2721432915860215000000001233029072008
2721432915860223000000000153030072002
2721432915860223000000000563030072008
2721432915860236000000000493031072008
2721432915860238000000000953003082005
2721432915860247000000032793003082002
2721432915860282000000016923007082005
2721432915860308000000028593011082012
2721432915860317000000018373012082002
2721432915860340000000009161014082001
2721432915860340000000029573014082001
2721432915860340000000029993014082003
2721432915860340000000030053014082003
2721432915860341000000001353017082003
2721432915860362000000009362020082003
2721432915860362000000010993020082011
2721432915860362000000013203020082005
2721432915860381000000001381024082003
2721432915860381000000001391024082003
2721432915860516000000000763015062003
2721432915860585000000001243023062008
2721432915860585000000001253023062008
2721432915860592000000009463024062008
2721432915860602000000013763024062008
2721432915860624000000013883029062008
2721432915860629000000000563030062001
310000000115
