1050820200303
2721432915811989000000005052013022001
2721432915812073000000012873006032008
2721432915812121000000020653018032012
2721432915812286000000001881030042012
2721432915812310000000005563011052001
2721432915812318000000004323012052008
2721432915812339000000003951019052008
2721432915812339000000021253019052008
2721432915812358000000010012026052008
2721432915812423000000002353012062001
2721432915812426000000016223015062005
2721432915812426000000018723015062008
2721432915812427000000018213015062005
2721432915812434000000004531017062008
2721432915812447000000031423022062008
2721432915812447000000031433022062008
2721432915812451000000001852023062008
2721432915812464000000001302025062008
2721432915812474000000000151026062012
2721432915812478000000010792029062008
2721432915812478000000023063029062008
2721432915812479000000001252029062008
2721432915812483000000012783030062008
2721432915812489000000010953001072012
2721432915812489000000015393001072008
2721432915812503000000001882006072008
2721432915812503000000003163006072005
2721432915812503000000004713006072008
2721432915812519000000008602010072008
2721432915812527000000001033014072008
2721432915812530000000000382014072001
2721432915812530000000000402014072001
2721432915812548000000018113017072005
2721432915812549000000003562017072001
2721432915812555000000003823021072001
2721432915812555000000004353021072001
2721432915812557000000015343022072011
2721432915812557000000015763022072001
2721432915812562000000018493023072003
2721432915812562000000018633023072001
2721432915812567000000004182024072006
2721432915812576000000000221028072001
2721432915812576000000004313028072005
2721432915812576000000004543028072002
2721432915812577000000002641028072005
2721432915812577000000011832028072003
2721432915812577000000016882028072001
2721432915812577000000021012028072001
2721432915812577000000021212028072005
2721432915812577000000034183028072008
2721432915812578000000002673028072002
2721432915812587000000000271030072001
2721432915812587000000004081030072001
2721432915812587000000018203030072002
2721432915812592000000003192031072012
2721432915812593000000007063031072002
2721432915812596000000000181003082001
2721432915855462000000003353003072008
2721432915855465000000000022003072008
2721432915855469000000003143003072013
2721432915855469000000006203003072008
2721432915855473000000003122007072008
2721432915855473000000009593007072008
2721432915855499000000004433010072001
2721432915855506000000001923013072008
2721432915855527000000001753020072005
2721432915855536000000004352021072001
2721432915855536000000005253021072005
2721432915855543000000003143022072005
2721432915855566000000004023028072003
2721432915855570000000001443029072003
2721432915855578000000001261030072005
2721432915855578000000001311030072003
2721432915855578000000003613030072001
2721432915855583000000003433031072003
2721432915855583000000007173031072003
2721432915855594000000000853031012001
2721432915855693000000004643005062001
2721432915855702000000005173009062008
2721432915855720000000004133015062005
2721432915855765000000004733013032008
2721432915855775000000002413026062005
2721432915858008000000011913001072008
2721432915858008000000011973001072008
2721432915858021000000001413002072008
2721432915858028000000000823003072008
2721432915858028000000002973003072008
2721432915858028000000003693003072001
2721432915858049000000005163007072001
2721432915858049000000005943007072001
2721432915858085000000010353010072005
2721432915858161000000000132021072003
2721432915858161000000000142021072003
2721432915858162000000007383021072012
2721432915858168000000003423022072005
2721432915858174000000000493023072012
2721432915858202000000006223027072003
2721432915858214000000004853028072002
2721432915858214000000007113028072005
2721432915858219000000000352029072001
2721432915858220000000000903029072003
2721432915858220000000000913029072003
2721432915858220000000000923029072003
2721432915858220000000000933029072003
2721432915858220000000000943029072003
2721432915858220000000000953029072003
2721432915858220000000000963029072003
2721432915858230000000000301030072003
2721432915858259000000000601003082005
2721432915858327000000008543011022008
2721432915858407000000009093027052001
2721432915858658000000022132029062008
2721432915858658000000037723029062008
2721432915858658000000056003029062008
2721432915858658000000056063029062008
2721432915858666000000000222026062008
2721432915858689000000003373030062008
2721432915860025000000000853003072008
2721432915860039000000030413006072008
2721432915860046000000000143007072008
2721432915860049000000006213007072008
2721432915860049000000007691007072002
2721432915860049000000019803007072003
2721432915860067000000000363008072008
2721432915860071000000004323008072008
2721432915860071000000017783008072008
2721432915860071000000018473008072008
2721432915860081000000000133010072008
2721432915860081000000000153010072008
2721432915860083000000006262013042008
2721432915860083000000017523010072008
2721432915860083000000023433010072008
2721432915860097000000001023014072005
2721432915860106000000000612015072001
2721432915860121000000021013015072005
2721432915860143000000019913020072011
2721432915860153000000016613021072003
2721432915860174000000009803023072005
2721432915860184000000015552024072001
2721432915860184000000026033024072011
2721432915860184000000033663024072003
2721432915860184000000034183024072003
2721432915860184000000036953024072002
2721432915860184000000037193024072003
2721432915860184000000042223024072002
2721432915860184000000043503024072001
2721432915860194000000013453027072012
2721432915860202000000000481028072001
2721432915860204000000013463028072005
2721432915860204000000014423028072002
2721432915860211000000017983029012008
2721432915860214000000004311029072005
2721432915860215000000001053029072001
2721432915860234000000002023005052003
2721432915860236000000000393031072003
2721432915860237000000004521031072012
2721432915860237000000017163031072003
2721432915860261000000000153008052012
2721432915860340000000004581017022001
2721432915860358000000000123021052008
2721432915860368000000000823022052008
2721432915860368000000018023019022001
2721432915860463000000002053005062008
2721432915860491000000001973010062008
2721432915860499000000018153010062008
2721432915860516000000000663015062008
2721432915860522000000021693015062008
2721432915860526000000000183016062008
2721432915860527000000008833017091901
2721432915860539000000005273016062008
2721432915860550000000022893017062008
2721432915860550000000027203017062008
2721432915860582000000017463023062008
2721432915860585000000001013023062008
2721432915860598000000000263024062008
2721432915860614000000023233026062008
2721432915860614000000023553026062008
310000000177
