1190820200303
2721432915811519000000002643016101901
2721432915811885000000011773021012005
2721432915812103000000012183013032008
2721432915812324000000011473013052008
2721432915812422000000001103012062001
2721432915812448000000002743022062008
2721432915812451000000004133023062008
2721432915812457000000010303024062008
2721432915812508000000000201007072001
2721432915812508000000001382007072005
2721432915812509000000033023007072008
2721432915812522000000004593013072008
2721432915812523000000013023013072008
2721432915812529000000010612014072008
2721432915812538000000002162016072001
2721432915812538000000002172016072001
2721432915812542000000001992016072008
2721432915812546000000000793017072005
2721432915812548000000007082017072008
2721432915812552000000005633020072008
2721432915812555000000004863021072008
2721432915812557000000014133022072008
2721432915812557000000016153022072005
2721432915812562000000014003023072008
2721432915812566000000003103024072005
2721432915812572000000009053027072005
2721432915812577000000009932028072011
2721432915812593000000002852031072005
2721432915812603000000001162004082001
2721432915812607000000036653005082002
2721432915812608000000003583005082005
2721432915812611000000004263006082003
2721432915812614000000001213006082001
2721432915812616000000000792007082001
2721432915812617000000008212007082011
2721432915812617000000012833007082012
2721432915812617000000017003007082003
2721432915812622000000014863010082005
2721432915812633000000004682012082001
2721432915812633000000018323012082002
2721432915812633000000019093012082005
2721432915812641000000002473014082001
2721432915812641000000002483014082001
2721432915812643000000012613014082001
2721432915855473000000005853007072008
2721432915855478000000005263007042008
2721432915855527000000005173020072008
2721432915855543000000000942022072008
2721432915855543000000003953022072008
2721432915855548000000002682022072008
2721432915855554000000003783024072011
2721432915855583000000002042031072001
2721432915855596000000003733004082001
2721432915855611000000005643007082005
2721432915855627000000003783012082001
2721432915855627000000003883012082003
2721432915855643000000009011017082002
2721432915855702000000004453009062003
2721432915855725000000001013015062008
2721432915855733000000002113016062008
2721432915858007000000000422001072008
2721432915858021000000001523002072008
2721432915858034000000000222006072008
2721432915858133000000000483017072008
2721432915858161000000000222021072008
2721432915858162000000005913021072008
2721432915858168000000001372022072008
2721432915858192000000005241024072001
2721432915858192000000014123024072003
2721432915858202000000004192027072008
2721432915858230000000000453030072002
2721432915858270000000000192004082001
2721432915858275000000000033005082001
2721432915858313000000006763010082005
2721432915858317000000000413012052008
2721432915858323000000006732011082001
2721432915858335000000004112012082001
2721432915858335000000008633012082003
2721432915858350000000000473014082003
2721432915858357000000005992014082002
2721432915858407000000010843027052008
2721432915858492000000008093004032011
2721432915858612000000000743019062008
2721432915858626000000000142023062003
2721432915858630000000004563023062008
2721432915860004000000000563001072008
2721432915860029000000009233003072008
2721432915860039000000024613006072008
2721432915860089000000000523013072008
2721432915860092000000011153014042008
2721432915860095000000000011013072012
2721432915860107000000000763015072008
2721432915860115000000000953015072008
2721432915860121000000020203015072008
2721432915860121000000024493015072008
2721432915860143000000004593020072008
2721432915860143000000017803020072003
2721432915860143000000018983020072008
2721432915860143000000022953020072008
2721432915860153000000018533021072008
2721432915860166000000000613022072008
2721432915860173000000000713023072008
2721432915860184000000016742024072012
2721432915860184000000026283024072003
2721432915860184000000042473024072008
2721432915860204000000022373028072003
2721432915860237000000010563031072011
2721432915860247000000032883003082002
2721432915860257000000014133004082005
2721432915860266000000000153005082001
2721432915860270000000004523005082003
2721432915860270000000014883005082005
2721432915860270000000019733005082003
2721432915860275000000001823006082001
2721432915860278000000014423006082005
2721432915860278000000024953006082003
2721432915860282000000019063007082003
2721432915860287000000000273007082002
2721432915860292000000000852010082001
2721432915860308000000012282011082005
2721432915860308000000023723011082003
2721432915860308000000030993011082003
2721432915860317000000012843012082005
2721432915860317000000016973012082005
2721432915860317000000017033012082003
2721432915860317000000020963012082001
2721432915860330000000018723013082003
2721432915860330000000019083013082002
2721432915860340000000034203014082002
2721432915860390000000015593026022008
2721432915860409000000000293028052008
2721432915860468000000016023006032008
2721432915860511000000013733012062008
2721432915860572000000010873022062001
2721432915860588000000000473024062008
2721432915860598000000000603024062008
2721432915860610000000001153026062008
2721432915860614000000023043026062008
2721432915860614000000023903026062008
2721432915860620000000000353029062008
2721432915860620000000000363029062008
310000000141
