1241120200304
2721432915812427000000017493015062005
2721432915812434000000014013017062012
2721432915812461000000001082025062008
2721432915812483000000005852030062008
2721432915812509000000026703007072012
2721432915812539000000020263016072001
2721432915812622000000020213010082008
2721432915812622000000020903010082008
2721432915812649000000024813021082008
2721432915812660000000004972024082003
2721432915812660000000014783024082001
2721432915812708000000013743004092008
2721432915812713000000005932008092008
2721432915812717000000023673009092008
2721432915812717000000028733009092001
2721432915812722000000010533010092005
2721432915812731000000005582014092008
2721432915812734000000010002015092008
2721432915812737000000020303016092001
2721432915812741000000022453017092008
2721432915812746000000022053018092008
2721432915812765000000001532024092008
2721432915812771000000019213025092008
2721432915812776000000014593028092008
2721432915812801000000026973006102008
2721432915812809000000001833008102002
2721432915812810000000004853008102008
2721432915812811000000021043008102008
2721432915812821000000021683013102008
2721432915812821000000026883013102001
2721432915812825000000003613014102008
2721432915812826000000009042014102001
2721432915812826000000023233014102008
2721432915812831000000014183015102008
2721432915812837000000020153016102003
2721432915812842000000014623019102008
2721432915812842000000018173019102008
2721432915812842000000020013019102008
2721432915812845000000006173019102001
2721432915812845000000007033019102008
2721432915812850000000012503020102008
2721432915812850000000012553020102008
2721432915812850000000015163020102012
2721432915812850000000019203020102008
2721432915812854000000004853021102008
2721432915812855000000007002021102008
2721432915812855000000007262021102001
2721432915812855000000027493021102008
2721432915812856000000001703021102012
2721432915812860000000002281022102001
2721432915812864000000005323023102001
2721432915812867000000020753026102001
2721432915812873000000013023027102008
2721432915812873000000014693027102008
2721432915812878000000001321028102001
2721432915812878000000010273028102008
2721432915812882000000003133029102001
2721432915812892000000000071003112012
2721432915812894000000000392003112001
2721432915812897000000000621004112001
2721432915812898000000028593004112003
2721432915812898000000030403004112012
2721432915812903000000005853005112005
2721432915812909000000003861006112001
2721432915812915000000019103009112008
2721432915812917000000010143009112003
2721432915812922000000005231010112005
2721432915812922000000007922010112001
2721432915812927000000002591011112012
2721432915812935000000001592013112001
2721432915812936000000001413013112002
2721432915812937000000004942013112011
2721432915812937000000008622013112005
2721432915812937000000017383013112002
2721432915812937000000018453013112003
2721432915812938000000000733013112012
2721432915812942000000002871016112005
2721432915812942000000012763016112001
2721432915812942000000017313016112011
2721432915812942000000020823016112001
2721432915812942000000021553016112002
2721432915812942000000024503016112003
2721432915812943000000002333016112008
2721432915812943000000003303016112003
2721432915812950000000004033017112001
2721432915812951000000000021017112001
2721432915812951000000000823017112011
2721432915812952000000012883017112003
2721432915812952000000016923017112003
2721432915812953000000002023017112002
2721432915812955000000003543018112003
2721432915812957000000002341018112001
2721432915812957000000009883018112005
2721432915812957000000010993018112003
2721432915812957000000011383018112003
2721432915812957000000013003018112002
2721432915812957000000016393018112003
2721432915812962000000003161019112002
2721432915855491000000001173013102008
2721432915855495000000002343014102012
2721432915855526000000008083021102008
2721432915855526000000012713021102008
2721432915855527000000003943020072008
2721432915855557000000004782028102008
2721432915855568000000005553003112002
2721432915855573000000002532005112005
2721432915855573000000004212005112012
2721432915855573000000008573005112001
2721432915855580000000013652006112012
2721432915855580000000019753006112001
2721432915855589000000007023009112002
2721432915855591000000007873011112002
2721432915855607000000001342013112001
2721432915855607000000003333013112003
2721432915855607000000009243013112003
2721432915855612000000000542013112011
2721432915855612000000001843013112002
2721432915855612000000003552013112005
2721432915855612000000006373013112012
2721432915855618000000002992016112011
2721432915855618000000003543016112005
2721432915855618000000005353016112001
2721432915855622000000001253017112001
2721432915855622000000003192017112005
2721432915855622000000003283017112001
2721432915855622000000004953017112003
2721432915855622000000005303017112002
2721432915855626000000000371018112012
2721432915855626000000001793018112002
2721432915855626000000006883018112003
2721432915855626000000007473018112001
2721432915855691000000009013028082008
2721432915855701000000002873001092005
2721432915855745000000002003016092002
2721432915855759000000007113018092008
2721432915855759000000007643018092008
2721432915855795000000005783028092008
2721432915855805000000001112030092008
2721432915858021000000001193002102008
2721432915858033000000001103005102003
2721432915858107000000000303014102008
2721432915858109000000000663014102008
2721432915858147000000000483023102008
2721432915858170000000000512022102008
2721432915858183000000000633026102008
2721432915858312000000000173011112003
2721432915858313000000002101010082005
2721432915858323000000003471011082012
2721432915858325000000000853011112005
2721432915858359000000000473017112003
2721432915858368000000000211018112005
2721432915858377000000000373018112003
2721432915858381000000000861018112001
2721432915858398000000000163024082005
2721432915858493000000000923003092008
2721432915858611000000000353022092008
2721432915858657000000000723028092012
2721432915858658000000038543029062001
2721432915858665000000003412026062001
2721432915860013000000019453002102008
2721432915860020000000001583002102008
2721432915860023000000017103002102008
2721432915860023000000029073002102008
2721432915860028000000000643005102008
2721432915860028000000000663005102005
2721432915860033000000008582005102008
2721432915860043000000002313006102008
2721432915860056000000013233007102008
2721432915860056000000016643007102008
2721432915860067000000016293008102008
2721432915860067000000016843008102008
2721432915860075000000001283009102008
2721432915860075000000001353009102008
2721432915860075000000001363009102008
2721432915860075000000001403009102008
2721432915860085000000000583013102008
2721432915860093000000005732013072008
2721432915860097000000008382014102001
2721432915860097000000015123014102008
2721432915860097000000022893014102008
2721432915860107000000000323014102008
2721432915860109000000010872014102008
2721432915860114000000009562015102008
2721432915860114000000019203015102005
2721432915860114000000022353015102008
2721432915860118000000000483016102008
2721432915860118000000000493016102008
2721432915860126000000013393019102005
2721432915860130000000000523019102008
2721432915860130000000001043019102008
2721432915860130000000001223019102008
2721432915860136000000032353020102008
2721432915860143000000018313020072008
2721432915860148000000005323021102008
2721432915860152000000000433021102008
2721432915860165000000019903022102001
2721432915860165000000020693022102008
2721432915860176000000004593023102008
2721432915860176000000007532023102005
2721432915860176000000016723023102005
2721432915860176000000019473023102008
2721432915860176000000023153023102008
2721432915860176000000023963023102008
2721432915860184000000000553026102008
2721432915860187000000008532026102008
2721432915860187000000010893026102008
2721432915860187000000016283026102008
2721432915860194000000016443027072008
2721432915860196000000004032027102008
2721432915860196000000006391027102012
2721432915860196000000023683027102008
2721432915860196000000023723027102001
2721432915860204000000016893028072003
2721432915860208000000010653028102008
2721432915860217000000000953003112001
2721432915860228000000000193030102008
2721432915860247000000032593003082003
2721432915860250000000026253004112002
2721432915860250000000026303004112011
2721432915860262000000008693005112001
2721432915860262000000008923005112001
2721432915860268000000000973006112005
2721432915860269000000025223006112002
2721432915860269000000034053006112002
2721432915860277000000000283006082008
2721432915860284000000007891009112011
2721432915860285000000000663009112003
2721432915860285000000000873009112002
2721432915860294000000004462010112005
2721432915860294000000010043010112005
2721432915860294000000011323010112003
2721432915860304000000011763013052002
2721432915860305000000000933009112005
2721432915860309000000000323011112005
2721432915860309000000000333011112005
2721432915860309000000000343011112005
2721432915860314000000002673011112001
2721432915860314000000019793011112002
2721432915860317000000002063012082008
2721432915860317000000002073012082008
2721432915860317000000017643012082008
2721432915860328000000000273013112001
2721432915860329000000001033013112002
2721432915860332000000000772016112002
2721432915860337000000002513016112005
2721432915860337000000005153016112002
2721432915860337000000016013016112012
2721432915860337000000020193016112003
2721432915860339000000000562016112005
2721432915860340000000031453014082008
2721432915860343000000003863018082003
2721432915860345000000001213017112003
2721432915860349000000006131017112003
2721432915860349000000012773017112003
2721432915860349000000013513017112003
2721432915860349000000013693017112005
2721432915860349000000014083017112011
2721432915860349000000014193017112005
2721432915860349000000015493017112003
2721432915860349000000017383017112003
2721432915860349000000017733017112003
2721432915860349000000018733017112002
2721432915860351000000013083019082003
2721432915860352000000001013018112002
2721432915860357000000000193020082008
2721432915860359000000000572018112001
2721432915860359000000014363018112003
2721432915860359000000015283018112003
2721432915860359000000015913018112003
2721432915860359000000018533018112003
2721432915860359000000022493018112003
2721432915860359000000023023018112001
2721432915860361000000000641018112012
2721432915860362000000014503020082008
2721432915860366000000002313018112003
2721432915860369000000012562018112003
2721432915860369000000015981018112012
2721432915860369000000021011018112005
2721432915860369000000023962018112005
2721432915860369000000028202018112012
2721432915860369000000039523018112001
2721432915860369000000045463018112012
2721432915860369000000046963018112008
2721432915860369000000048323018112008
2721432915860369000000048583018112011
2721432915860369000000049133018112003
2721432915860369000000049273018112003
2721432915860369000000054523018112003
2721432915860369000000054753018112003
2721432915860369000000057493018112002
2721432915860369000000057753018112002
2721432915860369000000066073018112002
2721432915860369000000070483018112001
2721432915860408000000019083026082008
2721432915860420000000002033027082008
2721432915860439000000013543031082008
2721432915860448000000025133001092008
2721432915860448000000026713001092008
2721432915860527000000023253015092001
2721432915860544000000000633016092008
2721432915860561000000019123018092008
2721432915860590000000026313023092008
2721432915860615000000015603025092008
2721432915860624000000002153028092008
2721432915860624000000013623029062005
310000000305
