1010920200302
2721432915812396000000003303004062001
2721432915812435000000001882017062008
2721432915812435000000001892017062008
2721432915812453000000001082023062008
2721432915812557000000020663022072008
2721432915812562000000019863023072008
2721432915812572000000001821027072008
2721432915812591000000004363031072008
2721432915812592000000008183031072008
2721432915812596000000003083003082008
2721432915812597000000007803003082008
2721432915812602000000017933004082008
2721432915812633000000013383012082008
2721432915812651000000004802021082003
2721432915812651000000010043021082001
2721432915812660000000011313024082005
2721432915812666000000000892025082011
2721432915812666000000001762025082001
2721432915812666000000001772025082001
2721432915812666000000003603025082012
2721432915812670000000003431026082005
2721432915812670000000021113026082001
2721432915812672000000001413026082003
2721432915855527000000002033020072008
2721432915855554000000008203024072008
2721432915855566000000005283028072008
2721432915855601000000002113005082008
2721432915855601000000005743005082008
2721432915855632000000003733013082003
2721432915855655000000005143019082002
2721432915855671000000003893024082001
2721432915855675000000002593025082003
2721432915855675000000002843025082002
2721432915855680000000002713026082003
2721432915855691000000010611028082001
2721432915858127000000010313015072008
2721432915858192000000006452024072008
2721432915858192000000007532024072008
2721432915858202000000002622027072008
2721432915858214000000007183028072008
2721432915858220000000000993029072008
2721432915858243000000008073031072008
2721432915858282000000009083005082008
2721432915858369000000003522019082003
2721432915858405000000008403025082002
2721432915858438000000000663027022002
2721432915858439000000002391028082001
2721432915858440000000003851028082002
2721432915858658000000033243029062008
2721432915860039000000025963006072008
2721432915860049000000009122007072008
2721432915860049000000018783007072008
2721432915860143000000023063020072008
2721432915860153000000017243021072008
2721432915860162000000009173022072012
2721432915860173000000000253023072008
2721432915860174000000013363023072008
2721432915860184000000046673024072008
2721432915860194000000018343027072008
2721432915860204000000015063028072008
2721432915860204000000015733028072008
2721432915860204000000022283028072008
2721432915860214000000006222029072001
2721432915860223000000000543030072008
2721432915860223000000000673030072008
2721432915860236000000000783031072008
2721432915860236000000000793031072008
2721432915860236000000000803031072008
2721432915860237000000016323031072008
2721432915860237000000016773031072008
2721432915860246000000000333003082008
2721432915860247000000038243003082008
2721432915860247000000041583003082008
2721432915860254000000001443004082008
2721432915860257000000003643004082008
2721432915860257000000009502004082008
2721432915860257000000017743004082008
2721432915860263000000001113005082008
2721432915860263000000001353005082008
2721432915860265000000013973005082008
2721432915860265000000019783005082008
2721432915860269000000000323005082008
2721432915860270000000019882005082008
2721432915860275000000001343006082008
2721432915860277000000000553006082008
2721432915860278000000008972006082003
2721432915860278000000025743006082008
2721432915860308000000032323011082002
2721432915860329000000000263013082008
2721432915860330000000002213013082003
2721432915860340000000034173014082008
2721432915860351000000013883019082003
2721432915860351000000017213019082003
2721432915860362000000015973020082002
2721432915860377000000020773021082002
2721432915860377000000021503021082005
2721432915860379000000001003025082003
2721432915860381000000000853024082002
2721432915860391000000002053025082003
2721432915860399000000001303026082001
2721432915860408000000010822026082002
2721432915860408000000015043026082003
2721432915860408000000015393026082001
2721432915860408000000018263026082002
2721432915860420000000006331027082012
2721432915860446000000003523004032003
2721432915860578000000000283023062008
2721432915860602000000018493024062008
2721432915860629000000000313030062008
2721432915860647000000000083031032012
310000000110
