1301020200304
2721432915812175000000009153031032008
2721432915812314000000000731012052001
2721432915812421000000012873012062008
2721432915812426000000014563015062001
2721432915812447000000030493022062008
2721432915812499000000025123003072008
2721432915812523000000020143013072008
2721432915812554000000001983021072001
2721432915812587000000000121030072001
2721432915812592000000010923031072007
2721432915812602000000018093004082008
2721432915812607000000012852005082003
2721432915812612000000015383006082008
2721432915812621000000005173010082008
2721432915812638000000019343017082008
2721432915812638000000026703017082001
2721432915812643000000017903014082008
2721432915812647000000001071021082001
2721432915812649000000003781021082001
2721432915812651000000008573021082005
2721432915812651000000017603021082008
2721432915812653000000002163021082001
2721432915812656000000004263021082001
2721432915812660000000013043024082001
2721432915812663000000004023024082008
2721432915812685000000006982031082003
2721432915812688000000005813001092008
2721432915812690000000002601001092012
2721432915812690000000024063001092008
2721432915812691000000001072001092008
2721432915812714000000000271008092005
2721432915812718000000004083009092008
2721432915812722000000014643010092008
2721432915812728000000017223011092003
2721432915812735000000002112015092008
2721432915812735000000002582015092001
2721432915812735000000003152015092001
2721432915812741000000015773017092008
2721432915812746000000006082018092008
2721432915812746000000022683018092003
2721432915812751000000010732021092008
2721432915812757000000020603022092008
2721432915812761000000013873023092008
2721432915812776000000015283028092008
2721432915812779000000001873029092008
2721432915812781000000000081030092012
2721432915812785000000003433001102001
2721432915812785000000003623001102008
2721432915812786000000004662001102008
2721432915812786000000015113001102003
2721432915812792000000007772002102008
2721432915812796000000004522005102008
2721432915812801000000017923006102005
2721432915812801000000018353006102008
2721432915812801000000019583006102008
2721432915812801000000021693006102007
2721432915812802000000001712006102001
2721432915812804000000001123007102005
2721432915812807000000000061007102001
2721432915812815000000002673009102008
2721432915812821000000023033013102005
2721432915812826000000002001014102001
2721432915812826000000005001014102001
2721432915812831000000019983015102003
2721432915812832000000000833015102012
2721432915812837000000020003016102003
2721432915812842000000000341019102012
2721432915812842000000015663019102012
2721432915812844000000002971019102005
2721432915812844000000019823019102012
2721432915812845000000004883019102005
2721432915812849000000000531020102001
2721432915812850000000019063020102008
2721432915812851000000001992020102001
2721432915812851000000004193020102011
2721432915812853000000001173021102005
2721432915812854000000004363021102012
2721432915812854000000004633021102005
2721432915812855000000010512021102002
2721432915812855000000011752021102005
2721432915812855000000013572021102008
2721432915812855000000026993021102003
2721432915812855000000029793021102003
2721432915812856000000001953021102003
2721432915812860000000019203022102002
2721432915812860000000019603022102005
2721432915812864000000000531023102001
2721432915812864000000000731023102005
2721432915812864000000004723023102003
2721432915812864000000004733023102003
2721432915812867000000000781026102012
2721432915812867000000014223026102003
2721432915812867000000020763026102002
2721432915812878000000002061028102003
2721432915855454000000005653002102001
2721432915855461000000001452005102008
2721432915855471000000005362007102011
2721432915855483000000000692009102001
2721432915855491000000002642013102001
2721432915855495000000001122014102001
2721432915855495000000003003014102012
2721432915855495000000005671014102012
2721432915855495000000009143014102001
2721432915855513000000004541019102012
2721432915855520000000002693020102005
2721432915855520000000007283020102003
2721432915855526000000008763021102003
2721432915855526000000009823021102002
2721432915855526000000010013021102002
2721432915855526000000012003021102003
2721432915855526000000012013021102001
2721432915855526000000012183021102003
2721432915855532000000002873021102003
2721432915855536000000002093021072012
2721432915855622000000007793011082008
2721432915855627000000003033012082001
2721432915855627000000003043012082001
2721432915855627000000003223012082003
2721432915855643000000006153017082001
2721432915855643000000006163017082001
2721432915855675000000002073025082008
2721432915855675000000002413025082001
2721432915855680000000000401026082001
2721432915855680000000003563026082001
2721432915855745000000004553016092008
2721432915855753000000001203017092001
2721432915855759000000004902018092008
2721432915855766000000003313021092008
2721432915855766000000004063021092008
2721432915855773000000003603022092012
2721432915855773000000005813022092008
2721432915855780000000001072023092008
2721432915855780000000001953023092001
2721432915855790000000002003025092001
2721432915855805000000003203030092001
2721432915855805000000008113030092008
2721432915858018000000000153002102008
2721432915858018000000000163002102008
2721432915858020000000000532002102008
2721432915858051000000000573007102001
2721432915858075000000000092009102001
2721432915858109000000000653014102003
2721432915858188000000000893026102003
2721432915858192000000018743024072008
2721432915858276000000000983007052008
2721432915858298000000007813007082008
2721432915858312000000000341010082001
2721432915858355000000000233014082008
2721432915858357000000004192014082005
2721432915858360000000001163017082008
2721432915858360000000001353017082003
2721432915858395000000008173021082008
2721432915858405000000008313025082002
2721432915858436000000005503027082008
2721432915858437000000000683027082008
2721432915858437000000000883027082008
2721432915858439000000010633028082002
2721432915858440000000013863028082008
2721432915858476000000000513002092008
2721432915858513000000006192008092001
2721432915858513000000011603008092008
2721432915858513000000015953008092008
2721432915858621000000000373023092008
2721432915858657000000000893028092008
2721432915858668000000000362029092005
2721432915858668000000000893029092008
2721432915860010000000000683002102008
2721432915860010000000000783002102008
2721432915860010000000001642002102001
2721432915860013000000000692002102001
2721432915860013000000013043002102008
2721432915860013000000017353002102008
2721432915860013000000018973002102001
2721432915860020000000001363002102008
2721432915860023000000005533002102008
2721432915860023000000007631002102012
2721432915860023000000018543002102005
2721432915860023000000023723002102008
2721432915860023000000032253002102008
2721432915860030000000000223005102008
2721432915860030000000000253005102008
2721432915860030000000000753005102008
2721432915860033000000018783005102008
2721432915860039000000032523006072008
2721432915860043000000007351006102012
2721432915860043000000007431006102012
2721432915860056000000014473007102008
2721432915860067000000012282008102008
2721432915860080000000000121013102012
2721432915860083000000024873010072008
2721432915860097000000011772014102005
2721432915860114000000022373015102003
2721432915860114000000023023015102001
2721432915860126000000007312019102001
2721432915860136000000001242020102001
2721432915860136000000016102020102003
2721432915860136000000028343020102007
2721432915860136000000032983020102003
2721432915860136000000033193020102003
2721432915860145000000001113021102003
2721432915860148000000000702021102001
2721432915860148000000010012021102001
2721432915860148000000013313021102005
2721432915860148000000021203021102001
2721432915860148000000024573021102008
2721432915860165000000000762022102001
2721432915860165000000014753022102005
2721432915860165000000018123022102011
2721432915860165000000020713022102001
2721432915860165000000022533022102003
2721432915860168000000000583023102002
2721432915860176000000000081023102001
2721432915860176000000014863023102003
2721432915860176000000018633023102005
2721432915860176000000019053023102002
2721432915860176000000019343023102002
2721432915860176000000019623023102003
2721432915860176000000020193023102005
2721432915860176000000021023023102003
2721432915860176000000021683023102003
2721432915860184000000046013024072008
2721432915860187000000005251026102005
2721432915860187000000008502026102002
2721432915860187000000010263026102008
2721432915860187000000017773026102003
2721432915860194000000017093027072008
2721432915860196000000006991027102003
2721432915860204000000018013028072008
2721432915860223000000000553030072003
2721432915860237000000013783031072008
2721432915860257000000015893004082008
2721432915860270000000020583005082008
2721432915860282000000017203007082003
2721432915860293000000000333010082008
2721432915860317000000023713012082008
2721432915860317000000023743012082008
2721432915860330000000020323013082008
2721432915860337000000000253014082008
2721432915860340000000028593014082008
2721432915860340000000030073014082003
2721432915860343000000003443018082008
2721432915860351000000000542019082001
2721432915860357000000001633020082003
2721432915860362000000010643020082008
2721432915860369000000000293021082008
2721432915860369000000000303021082008
2721432915860371000000000553021082008
2721432915860377000000029173021082008
2721432915860381000000003193024082008
2721432915860408000000012873026082003
2721432915860408000000018273026082008
2721432915860408000000018283026082008
2721432915860420000000009882027082002
2721432915860420000000019843027082001
2721432915860430000000011942028082005
2721432915860430000000020613028082005
2721432915860448000000006493001092008
2721432915860448000000029153001092008
2721432915860456000000009912002092008
2721432915860456000000014883002092001
2721432915860456000000020223002092008
2721432915860469000000011973003092002
2721432915860469000000016593003092003
2721432915860469000000017733003092008
2721432915860472000000001223004092008
2721432915860472000000001993004092008
2721432915860503000000000792010092001
2721432915860503000000020633010092001
2721432915860504000000001083009092008
2721432915860513000000007993014092008
2721432915860532000000000253015092008
2721432915860538000000010252016092008
2721432915860538000000021083016092008
2721432915860538000000028643016092008
2721432915860549000000022893018092008
2721432915860561000000000682018092001
2721432915860566000000000643018092008
2721432915860566000000001443018092008
2721432915860569000000013633021092001
2721432915860579000000019603022092008
2721432915860579000000019613022092008
2721432915860579000000019803022092008
2721432915860585000000000483022092008
2721432915860585000000000903022092008
2721432915860590000000000832023092001
2721432915860590000000004853023092008
2721432915860590000000017413023092008
2721432915860590000000017573023092008
2721432915860590000000017963023092008
2721432915860590000000019123023092008
2721432915860590000000020033023092001
2721432915860590000000022893023092008
2721432915860590000000026193023092008
2721432915860595000000093523026121908
2721432915860600000000000482023092001
2721432915860604000000000793024092008
2721432915860604000000000803024092008
2721432915860604000000000903024092008
2721432915860604000000001083024092008
2721432915860615000000016483025092008
2721432915860620000000000263025092008
2721432915860620000000001433025092008
2721432915860620000000002003025092008
2721432915860629000000000483028092008
2721432915860633000000001532029092008
2721432915860638000000000153029092008
2721432915860641000000004343029092008
2721432915860641000000020923029092008
2721432915860641000000021153029092008
2721432915860641000000021343029092008
2721432915860649000000000572030092001
2721432915860649000000016503030092008
2721432915860649000000019093030092008
2721432915860653000000002373030092008
310000000314
