1181120200304
2721432915811990000000005583013022001
2721432915812440000000004133018062008
2721432915812455000000003763024062008
2721432915812477000000004033029062008
2721432915812498000000003933003072008
2721432915812507000000000922007072001
2721432915812539000000011272016072008
2721432915812547000000005913017072008
2721432915812572000000005822027072008
2721432915812602000000015583004082001
2721432915812633000000019183012082008
2721432915812638000000011402017082008
2721432915812648000000000331021082001
2721432915812651000000015133021082001
2721432915812661000000000502024082012
2721432915812676000000002142027082011
2721432915812704000000000231004092001
2721432915812709000000001112004092008
2721432915812714000000001923008092001
2721432915812717000000033953009092005
2721432915812722000000010093010092008
2721432915812731000000011003014092008
2721432915812734000000029383015092008
2721432915812734000000035353015092008
2721432915812735000000006833015092005
2721432915812741000000007592017092008
2721432915812746000000021893018092001
2721432915812751000000015883021092008
2721432915812761000000012893023092005
2721432915812765000000004143024092008
2721432915812765000000004163024092008
2721432915812765000000004203024092008
2721432915812771000000014883025092008
2721432915812796000000013303005102008
2721432915812803000000000741007102008
2721432915812811000000024113008102008
2721432915812821000000027853013102008
2721432915812821000000028623013102008
2721432915812826000000020943014102008
2721432915812830000000001382015102008
2721432915812831000000008752015102008
2721432915812831000000019263015102008
2721432915812831000000022803015102008
2721432915812837000000007832016102008
2721432915812837000000009052016102008
2721432915812841000000004303019102008
2721432915812842000000005662019102005
2721432915812842000000016273019102008
2721432915812842000000017493019102001
2721432915812844000000016483019102008
2721432915812845000000004913019102001
2721432915812855000000010252021102008
2721432915812855000000014873021102008
2721432915812855000000027753021102008
2721432915812855000000030023021102008
2721432915812861000000001993022102001
2721432915812861000000002083022102008
2721432915812869000000002963026102001
2721432915812870000000000012027102003
2721432915812873000000014813027102002
2721432915812877000000004013028102005
2721432915812878000000006142028102005
2721432915812882000000002863029102001
2721432915812883000000000961029102005
2721432915812885000000002573030102001
2721432915812888000000002402030102003
2721432915812889000000001022030102001
2721432915812893000000000661003112001
2721432915812897000000003153004112005
2721432915812899000000001101004112001
2721432915812903000000005423005112003
2721432915812908000000001042006112003
2721432915812909000000006652006112001
2721432915812909000000012022006112005
2721432915812909000000018803006112012
2721432915812909000000025673006112001
2721432915812910000000002063006112001
2721432915812911000000000923009112001
2721432915812913000000001242009112003
2721432915812914000000001113009112005
2721432915812914000000001853009112005
2721432915812915000000023583009112005
2721432915812915000000025213009112005
2721432915812915000000026703009112001
2721432915812918000000000852009112005
2721432915812920000000004893010112003
2721432915812922000000000741010112012
2721432915812922000000022403010112002
2721432915812922000000022443010112002
2721432915812922000000024473010112003
2721432915812922000000024483010112003
2721432915812925000000000391011112001
2721432915812925000000003603011112003
2721432915812926000000000903011112012
2721432915812926000000001313011112002
2721432915812927000000001521011112005
2721432915812927000000006713011112003
2721432915812927000000010393011112001
2721432915812927000000010723011112003
2721432915812928000000000421011112001
2721432915812937000000005432013112001
2721432915812939000000004293013112001
2721432915812942000000001471016112012
2721432915812942000000002081016112003
2721432915812942000000003481016112005
2721432915812945000000000291016112003
2721432915812945000000000461016112003
2721432915855461000000003053005102008
2721432915855462000000001123003072003
2721432915855467000000001881006102008
2721432915855500000000001693015102008
2721432915855506000000000652015102005
2721432915855526000000004352021102003
2721432915855526000000011933021102001
2721432915855532000000003103021102001
2721432915855557000000019391028102001
2721432915855561000000003012027072001
2721432915855568000000003992003112001
2721432915855568000000004132003112005
2721432915855573000000001541005112012
2721432915855580000000001702006112011
2721432915855580000000006363006112002
2721432915855580000000009751006112012
2721432915855580000000018033006112001
2721432915855591000000003083011112005
2721432915855591000000005301011112012
2721432915855591000000006742011112007
2721432915855591000000008723011112001
2721432915855600000000005563011112001
2721432915855600000000007033011112001
2721432915855618000000001731016112003
2721432915855773000000003673022092008
2721432915855788000000003623025092012
2721432915855805000000004413030092008
2721432915858067000000000793008102008
2721432915858067000000000903008102005
2721432915858108000000000643014102008
2721432915858128000000000993019102008
2721432915858128000000001013019102008
2721432915858128000000001023019102008
2721432915858155000000000042021102008
2721432915858253000000000273004112001
2721432915858260000000000411004112005
2721432915858335000000004442012082012
2721432915858346000000000191016112012
2721432915858513000000013133008092001
2721432915858538000000007923010062008
2721432915858582000000000383017092008
2721432915858639000000001193024032001
2721432915858651000000000303028092008
2721432915858651000000000313028092008
2721432915860004000000000333002102008
2721432915860008000000003183001072008
2721432915860010000000001662002102008
2721432915860010000000002553002102008
2721432915860023000000030843002102008
2721432915860030000000000563005102008
2721432915860030000000000853005102008
2721432915860043000000004942006102008
2721432915860043000000019503006102008
2721432915860043000000024263006102003
2721432915860043000000026943006102008
2721432915860056000000014463007102008
2721432915860067000000007401008102001
2721432915860067000000028403008102008
2721432915860071000000016323008072008
2721432915860075000000002273009102008
2721432915860097000000011942014102008
2721432915860101000000024653014072002
2721432915860103000000001633014072008
2721432915860114000000011122015102008
2721432915860123000000001063019102002
2721432915860126000000007302019102005
2721432915860126000000020513019102008
2721432915860130000000000533019102008
2721432915860130000000001073019102008
2721432915860130000000001383019102008
2721432915860136000000007033020102008
2721432915860136000000032513020102008
2721432915860136000000033013020102008
2721432915860136000000033793020102008
2721432915860142000000000103020102008
2721432915860142000000000683020102008
2721432915860148000000004572021102008
2721432915860148000000018243021102008
2721432915860148000000024483021102008
2721432915860163000000000283022102008
2721432915860163000000000852022102008
2721432915860165000000016343022102008
2721432915860165000000023983022102008
2721432915860173000000000143023102008
2721432915860173000000000173023102008
2721432915860173000000000183023102008
2721432915860173000000000223023102008
2721432915860173000000000373023102008
2721432915860173000000000443023102008
2721432915860173000000001883023102008
2721432915860176000000015723023102008
2721432915860195000000000053027102003
2721432915860196000000017113027102008
2721432915860230000000035243030102012
2721432915860240000000007443003112001
2721432915860250000000015542004112001
2721432915860252000000000593005112003
2721432915860262000000005392005112001
2721432915860262000000011033005112011
2721432915860268000000001033006112001
2721432915860269000000022643006112001
2721432915860274000000001963006112006
2721432915860275000000000193006112002
2721432915860275000000000431006082005
2721432915860282000000017923007082008
2721432915860284000000004843009112001
2721432915860284000000009722009112003
2721432915860284000000012102009112001
2721432915860284000000017003009112003
2721432915860284000000018363009112005
2721432915860284000000021493009112005
2721432915860284000000023913009112011
2721432915860284000000027103009112001
2721432915860285000000000273009112001
2721432915860294000000002193010112002
2721432915860294000000011513010112002
2721432915860294000000011533010112003
2721432915860297000000011092010082008
2721432915860305000000000183009112003
2721432915860314000000000802011112001
2721432915860314000000005723011112002
2721432915860314000000011292011112001
2721432915860314000000012482011112003
2721432915860314000000016033011112005
2721432915860314000000018973011112003
2721432915860314000000019073011112005
2721432915860314000000021713011112002
2721432915860314000000021793011112002
2721432915860314000000023583011112003
2721432915860314000000023683011112003
2721432915860314000000025033011112011
2721432915860337000000005341016112012
2721432915860337000000005621016112003
2721432915860337000000005641016112012
2721432915860337000000006721016112003
2721432915860337000000007641016112003
2721432915860340000000020633014082008
2721432915860348000000000133019082008
2721432915860351000000017463019082008
2721432915860377000000028333021082008
2721432915860377000000028933021082008
2721432915860381000000001982024082012
2721432915860403000000000653026082008
2721432915860408000000022033026082008
2721432915860417000000000233027082008
2721432915860443000000001143003062008
2721432915860448000000004791001092001
2721432915860448000000008231001092001
2721432915860448000000010632001092005
2721432915860448000000022513001092008
2721432915860469000000014973003092008
2721432915860472000000001173004092008
2721432915860490000000002021008092005
2721432915860511000000004203012062003
2721432915860539000000013403016062001
2721432915860549000000021083018092008
2721432915860561000000023383018092008
2721432915860569000000021683021092008
2721432915860579000000016403022092001
2721432915860585000000000183022092008
2721432915860590000000026333023092008
2721432915860620000000000503025092008
2721432915860633000000000903029092001
2721432915860638000000000433029092008
2721432915860648000000000363030092008
310000000272
