1281020200304
2721432915812406000000015063008062008
2721432915812504000000007503006072012
2721432915812509000000027023007072001
2721432915812549000000003272017072001
2721432915812552000000006503020072008
2721432915812562000000001791023072012
2721432915812567000000002972024072005
2721432915812571000000005143027072001
2721432915812571000000005153027072001
2721432915812591000000003703031072005
2721432915812612000000014063006082001
2721432915812622000000011702010082008
2721432915812647000000001681021082013
2721432915812651000000017503021082008
2721432915812654000000000301021082005
2721432915812660000000004542024082008
2721432915812663000000003573024082008
2721432915812682000000000612031082001
2721432915812690000000023643001092003
2721432915812700000000007792003092008
2721432915812700000000018533003092008
2721432915812703000000000742004092001
2721432915812713000000005052008092001
2721432915812717000000034813009092008
2721432915812728000000010332011092008
2721432915812732000000000823014092008
2721432915812734000000001591015092012
2721432915812734000000019753015092008
2721432915812734000000022983015092008
2721432915812739000000003613017092001
2721432915812741000000017853017092008
2721432915812748000000004413021092001
2721432915812751000000010402021092008
2721432915812757000000016643022092008
2721432915812757000000020533022092008
2721432915812761000000002271023092005
2721432915812761000000007212023092008
2721432915812770000000003733025092005
2721432915812771000000018793025092008
2721432915812776000000015313028092008
2721432915812776000000018673028092003
2721432915812780000000004163029092001
2721432915812786000000018633001102008
2721432915812793000000000101002102001
2721432915812797000000000492005102008
2721432915812801000000023963006102005
2721432915812802000000001192006102001
2721432915812806000000014873007102008
2721432915812807000000001083007102003
2721432915812811000000004601008102001
2721432915812815000000002173009102002
2721432915812821000000027183013102005
2721432915812831000000016593015102005
2721432915812837000000013753016102002
2721432915812837000000014823016102001
2721432915812837000000017933016102001
2721432915812837000000017943016102008
2721432915812842000000002221019102005
2721432915812842000000002231019102005
2721432915812842000000006022019102003
2721432915812842000000006372019102005
2721432915812842000000012523019102003
2721432915812842000000017603019102001
2721432915812843000000000171019102001
2721432915812844000000004672019102001
2721432915812844000000008322019102003
2721432915812844000000016253019102003
2721432915812844000000019193019102001
2721432915812844000000020603019102001
2721432915812845000000006813019102001
2721432915812845000000007173019102003
2721432915812849000000004383020102002
2721432915812849000000004423020102001
2721432915812850000000006762020102005
2721432915812850000000018993020102001
2721432915812851000000002963020102005
2721432915812851000000003693020102003
2721432915812851000000004093020102001
2721432915812852000000000073021102008
2721432915812854000000005153021102011
2721432915812855000000002461021102012
2721432915812855000000003771021102003
2721432915812855000000018163021102005
2721432915812855000000019883021102005
2721432915812855000000020423021102005
2721432915812855000000022823021102001
2721432915812855000000026433021102005
2721432915812855000000028923021102001
2721432915812860000000015263022102003
2721432915812861000000002233022102002
2721432915812868000000000181026102003
2721432915855495000000002983014102008
2721432915855495000000003053014102005
2721432915855500000000000251015102012
2721432915855506000000001022015102001
2721432915855506000000002343015102003
2721432915855506000000002403015102001
2721432915855506000000002483015102002
2721432915855513000000003773019102001
2721432915855513000000004992019102001
2721432915855513000000007613019102002
2721432915855520000000003353020102001
2721432915855520000000006543020102003
2721432915855526000000002751021102012
2721432915855526000000006383021102001
2721432915855526000000006393021102001
2721432915855526000000007603021102003
2721432915855532000000002023021102003
2721432915855566000000007183028072008
2721432915855643000000006063017082008
2721432915855691000000007623028082008
2721432915855701000000003223001092008
2721432915855707000000002532002092008
2721432915855707000000004273002092008
2721432915855753000000001423017092011
2721432915855759000000001593018092003
2721432915855773000000001302022092008
2721432915855775000000002833026062011
2721432915855778000000002183023092008
2721432915855778000000003603023092008
2721432915855780000000002603023092011
2721432915855790000000005053025092003
2721432915855790000000005893025092001
2721432915855799000000004051029092001
2721432915855799000000005282029092008
2721432915855805000000001422030092001
2721432915855805000000004803030092005
2721432915855811000000001473030092008
2721432915855811000000001743030092012
2721432915857757000000000363031072008
2721432915858049000000003352007072001
2721432915858053000000000233007102001
2721432915858089000000000063013102001
2721432915858091000000000433014102003
2721432915858125000000000512019102005
2721432915858130000000000113019102002
2721432915858136000000001333020102001
2721432915858137000000000482020102003
2721432915858141000000000743020102001
2721432915858153000000000353021102001
2721432915858173000000000213023102003
2721432915858315000000001603011082008
2721432915858323000000004822011082001
2721432915858323000000010543011082001
2721432915858346000000005213013082001
2721432915858350000000000273014082008
2721432915858360000000001323017082008
2721432915858384000000005673020082008
2721432915858395000000012223021082008
2721432915858405000000001563025082008
2721432915858428000000000053027082008
2721432915858440000000016663028082008
2721432915858471000000001163001092002
2721432915858474000000000243002092008
2721432915858474000000000253002092008
2721432915858548000000001043015092008
2721432915858606000000000603022092008
2721432915858679000000000683030092008
2721432915860023000000028593002102008
2721432915860033000000010963005102003
2721432915860033000000015613005102001
2721432915860056000000003273007102002
2721432915860065000000000113008102002
2721432915860067000000016743008102001
2721432915860067000000024573008102005
2721432915860071000000014923008072008
2721432915860093000000012193013072008
2721432915860097000000013923014102001
2721432915860097000000015863014102001
2721432915860097000000023193014102003
2721432915860097000000026433014102001
2721432915860114000000006121015102012
2721432915860114000000015413015102005
2721432915860126000000017163019102005
2721432915860126000000019103019102003
2721432915860130000000000873019102002
2721432915860136000000021403020102003
2721432915860136000000028973020102011
2721432915860136000000030423020102003
2721432915860136000000034073020102001
2721432915860148000000004042021102001
2721432915860148000000014513021102003
2721432915860148000000014613021102003
2721432915860148000000022453021102003
2721432915860148000000024163021102003
2721432915860149000000000653021102003
2721432915860163000000001263022102002
2721432915860165000000008482022102012
2721432915860165000000008492022102012
2721432915860165000000008802022102005
2721432915860165000000014173022102008
2721432915860165000000014843022102002
2721432915860165000000017193022102003
2721432915860165000000021503022102003
2721432915860165000000025293022102002
2721432915860174000000012483023072008
2721432915860176000000013683023102003
2721432915860176000000023353023102003
2721432915860214000000012033029072001
2721432915860247000000038003003082005
2721432915860247000000043393003082005
2721432915860282000000020833007082008
2721432915860282000000020983007082008
2721432915860297000000006031010082001
2721432915860317000000019623012082001
2721432915860329000000000533013082008
2721432915860330000000013513013082008
2721432915860341000000002993017082003
2721432915860351000000013753019082001
2721432915860351000000017453019082008
2721432915860377000000028303021082008
2721432915860390000000019863025082008
2721432915860399000000002103026082003
2721432915860422000000020243028022008
2721432915860429000000000433028082008
2721432915860439000000011723031082008
2721432915860439000000018033031082008
2721432915860441000000001773001092008
2721432915860456000000014983002092008
2721432915860472000000000593004092008
2721432915860484000000000453008092008
2721432915860498000000000263009092008
2721432915860503000000013823010092008
2721432915860503000000018933010092003
2721432915860503000000024493010092008
2721432915860509000000014343010092008
2721432915860513000000029973014092008
2721432915860527000000018283015092008
2721432915860527000000026213015092008
2721432915860527000000026253015092008
2721432915860532000000000733015092008
2721432915860538000000030123016092008
2721432915860538000000030233016092008
2721432915860549000000015503018092008
2721432915860566000000000273018092008
2721432915860569000000004403021092008
2721432915860579000000019463022092008
2721432915860579000000019743022092008
2721432915860585000000000333022092008
2721432915860590000000022683023092008
2721432915860590000000022743023092008
2721432915860600000000003473023092008
2721432915860600000000005291023092001
2721432915860600000000019583023092003
2721432915860613000000015813026032008
2721432915860615000000013043025092003
2721432915860615000000021373025092008
2721432915860620000000001213025092008
2721432915860620000000001223025092008
2721432915860620000000001923025092008
2721432915860629000000000822028092008
2721432915860633000000015053030062001
2721432915860633000000017713030062001
2721432915860641000000018643029092008
2721432915860641000000018813029092008
2721432915860641000000021303029092008
2721432915860641000000021633029092008
2721432915860649000000013073030092008
2721432915860649000000017753030092008
310000000259
