1020920200302
2721432915812101000000002863013032008
2721432915812124000000001983019032005
2721432915812383000000016053001062008
2721432915812393000000004102003062008
2721432915812434000000013723017062001
2721432915812448000000003083022062008
2721432915812519000000017663010072008
2721432915812539000000021873016072008
2721432915812562000000008042023072008
2721432915812577000000015502028072008
2721432915812586000000004203030072008
2721432915812592000000013333031072008
2721432915812602000000017983004082008
2721432915812602000000018993004082008
2721432915812607000000020232005082008
2721432915812607000000033773005082001
2721432915812617000000008742007082011
2721432915812621000000001222010082001
2721432915812632000000001743012082005
2721432915812651000000003922021082001
2721432915812651000000010033021082001
2721432915812656000000004833021082001
2721432915812657000000004523021082002
2721432915812661000000001072024082005
2721432915812661000000001623024082005
2721432915812665000000010142025082005
2721432915812665000000018913025082002
2721432915812670000000022193026082002
2721432915812676000000004273027082003
2721432915812678000000003233028082002
2721432915812680000000009843028082002
2721432915812680000000009853028082002
2721432915812680000000009863028082002
2721432915855462000000000842003072008
2721432915855578000000009552030072008
2721432915855680000000004473026082003
2721432915855686000000004423026082002
2721432915855751000000002753022062008
2721432915858097000000004623013072008
2721432915858127000000003682015072008
2721432915858168000000003573022072008
2721432915858214000000001303028072008
2721432915858214000000003522028072008
2721432915858214000000003612028072008
2721432915858214000000007693028072008
2721432915858230000000000603030072008
2721432915858231000000000383030072008
2721432915858265000000000493004082003
2721432915858270000000001183004082008
2721432915858270000000002992004082001
2721432915858270000000006443004082008
2721432915858282000000003272005082008
2721432915858307000000000563010082003
2721432915858315000000001573011082003
2721432915858323000000004362011082001
2721432915858395000000012693021082003
2721432915858436000000001071027082012
2721432915858440000000006132028082001
2721432915858482000000001533003062008
2721432915858482000000002353003062008
2721432915858504000000003703005062008
2721432915858657000000001413025062008
2721432915860049000000018463007072008
2721432915860103000000001753014072008
2721432915860111000000012213015072008
2721432915860153000000004332021072008
2721432915860153000000004463021072008
2721432915860153000000020803021072003
2721432915860162000000010073022072008
2721432915860162000000012433022072001
2721432915860174000000002612023072008
2721432915860184000000014031024072008
2721432915860184000000041763024072008
2721432915860194000000020483027072008
2721432915860204000000008052028072008
2721432915860213000000000263029072008
2721432915860214000000012163029072003
2721432915860214000000014353029072001
2721432915860223000000000623030072008
2721432915860226000000006383030072008
2721432915860236000000000813031072008
2721432915860237000000012943031072008
2721432915860237000000018093031072008
2721432915860246000000000093003082008
2721432915860246000000000103003082008
2721432915860246000000000183003082008
2721432915860247000000041373003082008
2721432915860247000000043123003082008
2721432915860247000000043923003082008
2721432915860257000000016293004082008
2721432915860257000000018583004082008
2721432915860263000000001373005082008
2721432915860269000000000403005082008
2721432915860270000000020043005082008
2721432915860270000000020483005082008
2721432915860278000000005643006082008
2721432915860278000000014753006082008
2721432915860278000000022663006082008
2721432915860278000000024383006082008
2721432915860278000000024993006082008
2721432915860278000000025653006082008
2721432915860282000000021103007082001
2721432915860297000000017513010082002
2721432915860308000000024613011082005
2721432915860330000000018873013082002
2721432915860351000000014773019082011
2721432915860377000000002403021082002
2721432915860377000000004523021082005
2721432915860377000000024043021082002
2721432915860377000000026173021082003
2721432915860390000000006051025082012
2721432915860390000000019603025082002
2721432915860408000000004253026082003
2721432915860408000000019883026082003
2721432915860491000000001493010062008
2721432915860592000000008682024062008
2721432915860592000000016203024062008
310000000117
