1031020200303
2721432915812505000000001913006072008
2721432915812523000000017223013072008
2721432915812529000000018403014072008
2721432915812582000000014703029072005
2721432915812587000000011513030072001
2721432915812592000000001141031072001
2721432915812592000000010793031072008
2721432915812612000000001661006082001
2721432915812612000000001671006082001
2721432915812612000000001831006082012
2721432915812612000000009142006082008
2721432915812617000000001391007082001
2721432915812621000000001092010082008
2721432915812622000000014723010082008
2721432915812628000000019223011082008
2721432915812633000000003811012082001
2721432915812633000000005052012082008
2721432915812638000000029793017082008
2721432915812639000000005003017082008
2721432915812643000000001831014082001
2721432915812643000000001841014082001
2721432915812647000000000421021082001
2721432915812647000000014383021082001
2721432915812649000000007012021082008
2721432915812651000000004132021082008
2721432915812665000000022243025082008
2721432915812668000000001772025082008
2721432915812670000000017093026082002
2721432915812670000000019013026082001
2721432915812670000000022363026082008
2721432915812688000000002022001092008
2721432915812690000000002571001092012
2721432915812695000000006452002092008
2721432915812700000000011502003092001
2721432915812700000000016363003092003
2721432915812701000000001883003092008
2721432915812704000000003733004092002
2721432915812724000000003052010092003
2721432915812724000000004363010092012
2721432915812731000000000061014092001
2721432915812734000000021343015092001
2721432915812741000000003521017092001
2721432915812741000000005611017092001
2721432915812746000000013053018092013
2721432915812748000000004943021092001
2721432915812755000000004923022092005
2721432915812757000000014223022092005
2721432915812757000000014523022092003
2721432915812757000000016843022092002
2721432915812761000000015043023092011
2721432915812766000000021563024092002
2721432915812766000000023713024092012
2721432915812775000000005223028092002
2721432915812777000000001823028092008
2721432915812780000000004123029092005
2721432915855469000000002773003072001
2721432915855601000000002743005082003
2721432915855601000000005012005082001
2721432915855606000000001683006082001
2721432915855611000000005103007082001
2721432915855622000000007453011082001
2721432915855622000000007723011082001
2721432915855627000000002253012082008
2721432915855643000000008053017082003
2721432915855643000000008093017082008
2721432915855643000000009432017082012
2721432915855655000000004783019082005
2721432915855665000000004193021082001
2721432915855675000000003153025082008
2721432915855707000000002772002092008
2721432915855747000000006423016092012
2721432915855766000000003423021092003
2721432915855788000000005583025092003
2721432915855788000000007703025092005
2721432915855790000000005623025092002
2721432915855790000000005643025092001
2721432915858192000000015923024072008
2721432915858202000000001491028042005
2721432915858282000000004292005082001
2721432915858286000000000643006082008
2721432915858313000000005363010082008
2721432915858324000000000892011082008
2721432915858324000000001643011082008
2721432915858330000000000203012082008
2721432915858350000000000433014082008
2721432915858360000000001243017082008
2721432915858360000000001713017082008
2721432915858395000000001812021082001
2721432915858412000000000453025082008
2721432915858439000000008123028082008
2721432915858440000000006342028082003
2721432915858440000000015283028082001
2721432915858461000000000693031082008
2721432915858482000000001263002092008
2721432915858513000000016243008092001
2721432915858582000000000283017092003
2721432915858587000000000343018092003
2721432915858587000000000353018092003
2721432915858658000000037783029062003
2721432915860049000000019553007072008
2721432915860111000000007492015072008
2721432915860111000000015513015072008
2721432915860133000000000613017072008
2721432915860143000000022373020072008
2721432915860143000000023133020072008
2721432915860149000000001563021072008
2721432915860153000000011823021072008
2721432915860153000000020513021072008
2721432915860225000000000793030072005
2721432915860247000000018302003082003
2721432915860257000000015313004082008
2721432915860265000000008822005082003
2721432915860270000000020153005082008
2721432915860270000000020443005082008
2721432915860277000000000943006082008
2721432915860278000000010792006082001
2721432915860308000000006463011082008
2721432915860308000000031813011082008
2721432915860311000000000461012082005
2721432915860330000000018773013082003
2721432915860340000000009591014082005
2721432915860340000000011362014082008
2721432915860340000000034493014082008
2721432915860340000000034653014082008
2721432915860351000000014273019082005
2721432915860360000000000193020082008
2721432915860360000000000203020082008
2721432915860360000000000363020082008
2721432915860360000000000563020082008
2721432915860377000000028013021082003
2721432915860390000000003333025082008
2721432915860390000000021933025082008
2721432915860390000000023643025082008
2721432915860390000000024433025082008
2721432915860403000000000473026082008
2721432915860408000000015033026082008
2721432915860413000000001583027082003
2721432915860413000000001593027082003
2721432915860417000000000213027082008
2721432915860417000000000223027082008
2721432915860420000000018513027082002
2721432915860429000000000253028082008
2721432915860430000000001263028082001
2721432915860430000000008181028082008
2721432915860430000000024883028082008
2721432915860430000000024973028082003
2721432915860430000000027323028082008
2721432915860436000000000283031082008
2721432915860448000000022673001092003
2721432915860448000000023523001092005
2721432915860448000000026353001092008
2721432915860448000000026373001092008
2721432915860448000000026873001092008
2721432915860448000000028353001092008
2721432915860455000000000173002092008
2721432915860455000000000403002092008
2721432915860455000000000463002092008
2721432915860456000000004253002092008
2721432915860456000000017523002092003
2721432915860456000000020253002092008
2721432915860469000000015663003092012
2721432915860469000000019933003092008
2721432915860469000000020673003092003
2721432915860472000000000993004092008
2721432915860477000000001913004092008
2721432915860486000000010582008092008
2721432915860509000000006082010092003
2721432915860509000000014083010092005
2721432915860513000000033133014092011
2721432915860513000000036103014092005
2721432915860538000000010672016092001
2721432915860539000000019323016062001
2721432915860549000000016043018092001
2721432915860549000000018133018092001
2721432915860549000000023333018092001
2721432915860561000000021233018092011
2721432915860579000000004043022092005
2721432915860590000000018553023092005
2721432915860590000000021913023092003
2721432915860590000000022183023092002
2721432915860600000000016883023092005
2721432915860600000000018593023092003
2721432915860602000000000043024092005
2721432915860612000000000973024092005
2721432915860615000000016223025092005
2721432915860624000000001703028092003
2721432915860625000000001503028092003
2721432915860641000000007232029092003
2721432915860641000000011763029092005
310000000189
