1171120200305
2721432915811476000000002953003101901
2721432915811579000000002613031101901
2721432915812543000000001031016072001
2721432915812638000000021143017082001
2721432915812638000000024433017082003
2721432915812638000000032923017082011
2721432915812651000000006082021082005
2721432915812665000000004181025082008
2721432915812690000000015523001092008
2721432915812690000000017673001092012
2721432915812691000000002503001092005
2721432915812700000000004501003092008
2721432915812700000000013212003092008
2721432915812713000000015003008092003
2721432915812720000000000742010092011
2721432915812724000000007693010092008
2721432915812735000000007303015092008
2721432915812744000000001153018092005
2721432915812751000000020163021092005
2721432915812766000000010922024092008
2721432915812781000000001812030092008
2721432915812791000000000832002102002
2721432915812791000000003623002102008
2721432915812792000000013443002102005
2721432915812793000000002023002102005
2721432915812793000000002473002102008
2721432915812806000000003121007102008
2721432915812811000000024083008102008
2721432915812821000000009072013102008
2721432915812821000000023643013102008
2721432915812824000000000181014102012
2721432915812826000000003991014102008
2721432915812826000000027273014102008
2721432915812831000000000981015102012
2721432915812837000000004581016102001
2721432915812837000000021273016102008
2721432915812843000000000983019102008
2721432915812844000000015503019102008
2721432915812845000000001201019102001
2721432915812845000000001812019102001
2721432915812845000000006943019102008
2721432915812851000000004143020102008
2721432915812854000000005873021102008
2721432915812855000000012482021102008
2721432915812855000000023393021102012
2721432915812855000000028713021102008
2721432915812856000000000512021102005
2721432915812856000000002033021102008
2721432915812860000000016333022102005
2721432915812869000000001142026102003
2721432915812873000000015943027102001
2721432915812878000000011893028102011
2721432915812879000000001643028102013
2721432915812882000000003553029102008
2721432915812888000000008293030102003
2721432915812891000000000181003112001
2721432915812892000000003773003112003
2721432915812893000000017313003112002
2721432915812898000000014152004112005
2721432915812898000000017723004112011
2721432915812899000000002202004112005
2721432915812899000000006103004112005
2721432915812908000000000672006112001
2721432915812908000000003583006112001
2721432915812909000000003231006112012
2721432915812909000000016553006112008
2721432915812909000000027243006112012
2721432915812915000000024413009112002
2721432915812915000000027963009112005
2721432915812917000000004092009112001
2721432915812917000000004332009112001
2721432915812917000000007233009112011
2721432915812918000000000241009112001
2721432915812920000000004513010112002
2721432915812920000000004533010112003
2721432915812922000000000681010112001
2721432915812922000000003551010112005
2721432915812922000000008292010112013
2721432915812922000000019553010112003
2721432915812922000000022023010112002
2721432915812922000000023473010112005
2721432915812923000000000011010112001
2721432915812926000000000743011112002
2721432915812927000000000721011112001
2721432915812927000000011283011112001
2721432915812928000000000781011112005
2721432915812928000000003563011112003
2721432915812937000000001091013112012
2721432915812937000000003071013112003
2721432915812941000000000211013112005
2721432915855454000000000291002102008
2721432915855461000000008163005102001
2721432915855471000000002293007102008
2721432915855495000000001112014102008
2721432915855500000000000912015102008
2721432915855500000000002303015102002
2721432915855500000000002983015102008
2721432915855506000000000071015102001
2721432915855513000000003693019102008
2721432915855520000000002263020102008
2721432915855520000000003213020102008
2721432915855520000000005763020102008
2721432915855526000000005322021102008
2721432915855542000000002743026102005
2721432915855551000000005223028102005
2721432915855557000000005572028102001
2721432915855563000000003661030102012
2721432915855567000000001363023101901
2721432915855568000000007543003112012
2721432915855568000000010483003112001
2721432915855568000000014362003112001
2721432915855571000000000271004112005
2721432915855571000000004713004112011
2721432915855571000000004893004112001
2721432915855573000000007443005112001
2721432915855580000000002882006112001
2721432915855580000000003012006112005
2721432915855580000000005953006112003
2721432915855580000000006953006112002
2721432915855580000000008093006112001
2721432915855580000000011172006112003
2721432915855580000000013842006112001
2721432915855580000000016603006112003
2721432915855589000000002091009112005
2721432915855589000000006943009112005
2721432915855591000000000061011112012
2721432915855591000000004053011112003
2721432915855591000000004313011112001
2721432915855591000000005123011112003
2721432915855591000000005861011112005
2721432915855591000000009203011112002
2721432915855627000000006513012082008
2721432915855671000000003103024082011
2721432915855675000000001473025082008
2721432915855675000000005223025082008
2721432915855675000000005233025082008
2721432915855691000000009773028082008
2721432915855766000000000691021092005
2721432915855795000000002683028092008
2721432915855805000000001292030092008
2721432915855805000000006983030092008
2721432915858107000000000243014102008
2721432915858107000000000323014102008
2721432915858124000000000773019102001
2721432915858125000000001063019102008
2721432915858127000000000053019102001
2721432915858128000000001053019102008
2721432915858188000000000021026102001
2721432915858188000000000031026102001
2721432915858214000000002071028072001
2721432915858280000000000613006112003
2721432915858313000000007963010082008
2721432915858346000000006463013082008
2721432915858384000000003272020082001
2721432915858570000000000383016062008
2721432915858617000000000482023092001
2721432915860010000000002543002102008
2721432915860013000000019403002102008
2721432915860020000000001553002102008
2721432915860023000000032313002102008
2721432915860023000000032503002102008
2721432915860033000000015423005102008
2721432915860040000000000153006102008
2721432915860040000000001013006102008
2721432915860043000000013452006102008
2721432915860048000000001153007102008
2721432915860053000000000143007102008
2721432915860053000000000343007102008
2721432915860056000000015923007102001
2721432915860067000000029833008102008
2721432915860075000000001113009102008
2721432915860075000000001503009102008
2721432915860075000000001573009102008
2721432915860075000000001583009102008
2721432915860075000000001593009102008
2721432915860075000000002213009102008
2721432915860085000000000793013102008
2721432915860094000000000693014102008
2721432915860094000000000983014102008
2721432915860097000000025223014102005
2721432915860097000000026283014102008
2721432915860097000000026373014102008
2721432915860097000000026383014102008
2721432915860097000000026533014102008
2721432915860109000000004802014102008
2721432915860109000000011772014102008
2721432915860109000000022013014102008
2721432915860114000000011042015102008
2721432915860114000000011372015102008
2721432915860114000000022363015102008
2721432915860114000000024763015102008
2721432915860126000000009852019102001
2721432915860126000000015053019102008
2721432915860126000000015283019102008
2721432915860126000000015393019102008
2721432915860126000000017383019102008
2721432915860126000000019393019102008
2721432915860126000000020543019102008
2721432915860130000000000393019102008
2721432915860130000000001263019102008
2721432915860136000000012892020102008
2721432915860136000000020963020102008
2721432915860136000000024573020102008
2721432915860136000000033663020102008
2721432915860136000000035053020102008
2721432915860136000000036173020102003
2721432915860136000000037503020102008
2721432915860142000000000723020102008
2721432915860142000000000783020102008
2721432915860148000000004173021102001
2721432915860148000000012462021102008
2721432915860148000000022553021102008
2721432915860148000000024333021102008
2721432915860152000000000283021102008
2721432915860152000000000923021102008
2721432915860159000000000552022102005
2721432915860163000000001133022102008
2721432915860163000000001163022102008
2721432915860163000000001173022102008
2721432915860165000000004873022102008
2721432915860165000000013052022102008
2721432915860173000000000313023102008
2721432915860173000000001543023102003
2721432915860173000000001853023102008
2721432915860173000000001863023102008
2721432915860176000000023313023102008
2721432915860179000000001603026102008
2721432915860184000000046923024072008
2721432915860193000000000263027072008
2721432915860196000000002723027102001
2721432915860196000000007401027102008
2721432915860196000000023963027102003
2721432915860198000000001163028102001
2721432915860204000000022293028072008
2721432915860208000000008183028102008
2721432915860213000000000443029072008
2721432915860214000000011703029072002
2721432915860220000000021533029102005
2721432915860228000000000903030102003
2721432915860230000000017892030102001
2721432915860230000000032743030102005
2721432915860233000000001363003112008
2721432915860240000000008983003112002
2721432915860247000000037703003082001
2721432915860250000000022863004112005
2721432915860250000000031283004112003
2721432915860250000000031293004112003
2721432915860250000000034193004112002
2721432915860250000000035413004112003
2721432915860256000000000503004082008
2721432915860257000000018083004082001
2721432915860265000000000643006112001
2721432915860265000000002273006112001
2721432915860269000000006773006112003
2721432915860269000000010972006112001
2721432915860269000000022123006112001
2721432915860269000000026053006112011
2721432915860269000000027393006112002
2721432915860269000000030783006112003
2721432915860274000000002203006112003
2721432915860275000000000643006112008
2721432915860278000000014033006082008
2721432915860282000000020803007082008
2721432915860284000000014683009112002
2721432915860284000000023003009112011
2721432915860284000000024933009112003
2721432915860285000000000803009112003
2721432915860290000000000742010112002
2721432915860290000000001113010112003
2721432915860294000000003261010112012
2721432915860294000000003361010112005
2721432915860294000000012583010112003
2721432915860294000000013263010112002
2721432915860314000000006151011112012
2721432915860314000000006901011112004
2721432915860314000000016533011112002
2721432915860314000000022943011112003
2721432915860314000000023163011112002
2721432915860314000000023233011112005
2721432915860314000000025723011112002
2721432915860323000000000582013082008
2721432915860325000000016443018052005
2721432915860337000000000693014082008
2721432915860351000000014593019082008
2721432915860357000000000902020082008
2721432915860380000000000031024082012
2721432915860380000000000041024082012
2721432915860390000000017693025082008
2721432915860430000000013002028082008
2721432915860430000000020763028082008
2721432915860430000000020943028082008
2721432915860451000000000903002092012
2721432915860456000000004203002092008
2721432915860456000000015823002092008
2721432915860472000000001863004092008
2721432915860486000000018563008092008
2721432915860503000000018363010092008
2721432915860549000000019093018092008
2721432915860556000000001013017092008
2721432915860573000000001302021092008
2721432915860595000000000773023092008
2721432915860600000000014703023092003
2721432915860602000000014633024062005
2721432915860638000000000363029092008
2721432915860638000000000673029092008
2721432915860638000000001513029092008
2721432915860638000000001523029092008
2721432915860644000000000232030092008
310000000308
