1021020200303
2721432915812372000000017213029052008
2721432915812373000000000523029052001
2721432915812506000000000052007072001
2721432915812547000000007133017072001
2721432915812548000000019963017072008
2721432915812561000000003413023072005
2721432915812577000000017382028072001
2721432915812577000000037733028072001
2721432915812581000000004013029072011
2721432915812582000000020293029072005
2721432915812638000000005951017082001
2721432915812638000000015532017082003
2721432915812643000000021033014082008
2721432915812647000000004312021082012
2721432915812650000000000191021082001
2721432915812656000000004423021082001
2721432915812658000000004903021082003
2721432915812660000000012403024082008
2721432915812660000000012873024082008
2721432915812660000000013033024082001
2721432915812665000000021643025082001
2721432915812668000000005243025082008
2721432915812670000000018993026082001
2721432915812685000000013603031082005
2721432915812691000000000681001092008
2721432915812691000000003473001092008
2721432915812695000000013073002092008
2721432915812695000000017113002092005
2721432915812696000000000902002092001
2721432915812698000000001133003092008
2721432915812700000000007232003092008
2721432915812700000000013262003092001
2721432915812700000000019193003092008
2721432915812711000000000071008092001
2721432915812713000000018013008092011
2721432915812722000000013493010092003
2721432915812724000000001721010092006
2721432915812724000000008603010092003
2721432915812731000000003472014092005
2721432915812734000000020953015092002
2721432915812734000000031483015092003
2721432915812737000000017553016092001
2721432915812741000000010842017092001
2721432915812741000000016303017092001
2721432915812748000000005853021092001
2721432915812751000000020693021092011
2721432915812751000000021303021092002
2721432915812751000000021563021092001
2721432915812757000000000041022092001
2721432915812757000000012853022092005
2721432915812757000000018213022092005
2721432915812759000000000042023092001
2721432915812761000000000061023092001
2721432915812761000000010643023092005
2721432915812764000000000943024092002
2721432915812766000000014473024092005
2721432915812766000000020463024092002
2721432915812771000000008862025092008
2721432915812771000000011333025092005
2721432915812771000000016523025092002
2721432915812771000000017703025092003
2721432915812776000000012303028092003
2721432915855499000000004122010072008
2721432915855561000000004363027072001
2721432915855622000000004333011082001
2721432915855622000000005833011082005
2721432915855622000000009373011082008
2721432915855643000000002022017082001
2721432915855643000000006563017082008
2721432915855643000000012083017082002
2721432915855655000000001353019082011
2721432915855675000000006063025082003
2721432915855686000000000953026082008
2721432915855691000000005693028082005
2721432915855691000000008063028082008
2721432915855691000000009673028082003
2721432915855707000000006003002092008
2721432915855745000000002533016092003
2721432915855747000000005032016092008
2721432915855759000000001413018092005
2721432915855759000000001753018092003
2721432915855788000000000441025092001
2721432915855788000000008993025092002
2721432915855799000000006973029092005
2721432915858159000000000552021072001
2721432915858192000000014503024072001
2721432915858243000000000673031072005
2721432915858282000000009412005082001
2721432915858322000000000803011082008
2721432915858360000000001073017082008
2721432915858360000000001103017082008
2721432915858395000000009493021082001
2721432915858398000000000833024082008
2721432915858405000000009673025082008
2721432915858418000000000493026082008
2721432915858439000000001383028082001
2721432915858440000000017903028082002
2721432915858476000000000683002092008
2721432915858513000000010173008092005
2721432915858513000000015033008092003
2721432915858522000000000903010092001
2721432915858546000000000833015092008
2721432915858582000000000373017092003
2721432915858607000000008433019062003
2721432915860049000000018453007072008
2721432915860083000000022353010072008
2721432915860107000000000163015072008
2721432915860109000000015263015012005
2721432915860142000000000283020072008
2721432915860152000000000373021072008
2721432915860186000000012903028042001
2721432915860237000000015173031072008
2721432915860247000000025503003082008
2721432915860247000000043143003082008
2721432915860247000000043263003082008
2721432915860273000000001463006082005
2721432915860282000000022013007082008
2721432915860287000000000653007082008
2721432915860297000000004463010082008
2721432915860308000000011242011082008
2721432915860308000000028293011082001
2721432915860308000000031043011082008
2721432915860317000000020783012082008
2721432915860317000000021283012082005
2721432915860323000000000833013082003
2721432915860330000000015923013082003
2721432915860330000000019623013082008
2721432915860337000000000803014082008
2721432915860348000000000373019082006
2721432915860362000000003993020082005
2721432915860377000000028043021082008
2721432915860377000000028413021082008
2721432915860379000000001043025082001
2721432915860384000000000483024082008
2721432915860390000000016373025082008
2721432915860408000000017303026082008
2721432915860417000000000363027082008
2721432915860429000000001363028082008
2721432915860430000000004303028082001
2721432915860439000000019852031082008
2721432915860445000000000183001092002
2721432915860448000000017673001092001
2721432915860448000000020853001092008
2721432915860448000000026923001092008
2721432915860455000000000723002092008
2721432915860456000000018153002092008
2721432915860456000000018343002092008
2721432915860469000000003873003092008
2721432915860469000000020553003092008
2721432915860513000000003733014092005
2721432915860513000000021873014092003
2721432915860513000000029303014092002
2721432915860527000000010162015092001
2721432915860527000000021163015092011
2721432915860538000000027363016092002
2721432915860549000000023633018092005
2721432915860549000000023653018092001
2721432915860561000000025473018092003
2721432915860566000000000043018092001
2721432915860569000000005821021092012
2721432915860569000000020423021092011
2721432915860569000000020933021092003
2721432915860569000000021643021092003
2721432915860590000000022503023092003
2721432915860600000000001403023092001
2721432915860600000000006432023092012
2721432915860600000000016493023092002
2721432915860600000000016713023092012
2721432915860604000000001073024092002
2721432915860612000000000963024092001
2721432915860615000000019393025092002
2721432915860615000000020083025092003
2721432915860615000000021553025092005
2721432915860620000000000473025092002
2721432915860641000000004951029092007
310000000175
