1250920200306
2721432915812282000000000381029042005
2721432915812313000000011433012052008
2721432915812435000000003653017062008
2721432915812587000000022213030072008
2721432915812593000000003652031072008
2721432915812617000000015153007082008
2721432915812622000000015033010082008
2721432915812632000000003753012082008
2721432915812632000000003823012082001
2721432915812633000000019403012082008
2721432915812638000000029083017082008
2721432915812643000000014323014082008
2721432915812649000000027223021082008
2721432915812657000000000982021082008
2721432915812657000000004213021082008
2721432915812670000000017083026082002
2721432915812670000000019803026082012
2721432915812680000000001631028082001
2721432915812680000000016913028082003
2721432915812685000000017033031082002
2721432915812690000000018813001092002
2721432915812700000000024623003092002
2721432915812700000000025363003092003
2721432915812708000000015003004092002
2721432915812722000000018093010092003
2721432915812731000000007012014092003
2721432915812731000000012963014092003
2721432915812731000000013773014092003
2721432915812735000000004242015092005
2721432915812746000000015083018092005
2721432915812746000000025263018092002
2721432915812748000000004263021092003
2721432915812757000000004862022092003
2721432915812761000000002401023092003
2721432915812761000000003341023092002
2721432915855473000000009913007072008
2721432915855566000000007483028072008
2721432915855578000000008503030072008
2721432915855643000000004253017082008
2721432915855643000000007873017082003
2721432915855643000000010323017082001
2721432915855655000000001383019082002
2721432915855655000000004593019082008
2721432915855675000000000592025082012
2721432915855686000000004193026082001
2721432915855691000000013543028082008
2721432915858202000000003442027072005
2721432915858202000000004763027072008
2721432915858214000000001133028072001
2721432915858335000000004853012082001
2721432915858346000000002952013082001
2721432915858361000000000583018082008
2721432915858362000000000073019082001
2721432915858406000000000452025082012
2721432915858420000000000393026082008
2721432915858422000000006283026082003
2721432915858422000000008513026082008
2721432915858436000000001061027082012
2721432915858439000000010293028082002
2721432915858440000000018043028082008
2721432915858491000000000313003092002
2721432915860049000000009772007072001
2721432915860049000000024103007072008
2721432915860057000000000683008072008
2721432915860100000000000493014072008
2721432915860107000000000893015072008
2721432915860153000000010712021072008
2721432915860153000000020653021072008
2721432915860153000000021443021072008
2721432915860153000000021453021072008
2721432915860162000000002382022072008
2721432915860184000000046733024072008
2721432915860236000000000963031072008
2721432915860237000000003352031072008
2721432915860243000000002573003082008
2721432915860247000000041693003082008
2721432915860247000000041773003082008
2721432915860265000000020913005082008
2721432915860270000000007832005082001
2721432915860282000000003533007082001
2721432915860282000000016883007082008
2721432915860282000000021653007082008
2721432915860293000000000303010082008
2721432915860297000000021433010082008
2721432915860306000000000243011082008
2721432915860308000000024303011082002
2721432915860310000000001313012082008
2721432915860317000000020853012082008
2721432915860318000000000313012082008
2721432915860330000000014373013082003
2721432915860330000000016093013082008
2721432915860337000000000993014082008
2721432915860340000000011182014082008
2721432915860340000000025953014082003
2721432915860340000000033743014082008
2721432915860351000000009082019082008
2721432915860351000000015603019082008
2721432915860362000000018413020082008
2721432915860377000000024623021082008
2721432915860377000000025443021082003
2721432915860381000000001772024082008
2721432915860390000000024343025082008
2721432915860398000000000893025082001
2721432915860408000000014573026082008
2721432915860408000000021153026082008
2721432915860408000000021563026082008
2721432915860413000000001643027082008
2721432915860417000000000173027082008
2721432915860420000000021383027082008
2721432915860429000000000333028082008
2721432915860448000000010452001092008
2721432915860448000000010462001092008
2721432915860461000000002093003092001
2721432915860486000000009702008092001
2721432915860486000000020353008092008
2721432915860486000000020633008092008
2721432915860503000000005931010092012
2721432915860503000000015293010092011
2721432915860508000000000873010092012
2721432915860509000000008463010092003
2721432915860513000000014922014092005
2721432915860513000000033963014092002
2721432915860527000000019693015092002
2721432915860527000000025193015092003
2721432915860538000000022863016092003
2721432915860538000000025583016092003
2721432915860549000000018903018092003
2721432915860566000000001023018092003
2721432915860582000000015743023062008
2721432915860633000000008062030062001
310000000130
