1101120200304
2721432915812269000000000291024042005
2721432915812427000000003411015062005
2721432915812427000000003421015062005
2721432915812529000000024313014072002
2721432915812557000000016143022072005
2721432915812562000000017413023072002
2721432915812633000000000761012082012
2721432915812638000000015542017082008
2721432915812647000000008542021082001
2721432915812682000000001282031082008
2721432915812686000000000351031082008
2721432915812700000000023123003092012
2721432915812713000000007052008092003
2721432915812718000000004973009092008
2721432915812722000000008652010092008
2721432915812722000000008662010092008
2721432915812728000000013763011092008
2721432915812737000000003531016092008
2721432915812741000000012772017092008
2721432915812741000000024793017092001
2721432915812742000000002553017092001
2721432915812751000000018163021092008
2721432915812787000000000431001102008
2721432915812791000000002393002102008
2721432915812816000000003432009102008
2721432915812816000000014253009102008
2721432915812821000000019683013102005
2721432915812821000000025563013102008
2721432915812821000000026163013102008
2721432915812826000000006762014102008
2721432915812826000000020023014102005
2721432915812842000000017193019102002
2721432915812844000000002951019102005
2721432915812849000000000301020102001
2721432915812850000000005602020102001
2721432915812850000000007992020102008
2721432915812850000000017323020102003
2721432915812850000000020443020102003
2721432915812854000000000721021102001
2721432915812855000000008592021102001
2721432915812855000000014963021102005
2721432915812855000000024383021102002
2721432915812855000000027093021102012
2721432915812860000000002131022102005
2721432915812867000000016853026102001
2721432915812867000000017783026102003
2721432915812869000000000221026102005
2721432915812869000000004043026102005
2721432915812869000000004573026102011
2721432915812871000000002953027102005
2721432915812876000000000271028102005
2721432915812877000000000561028102001
2721432915812877000000004723028102003
2721432915812878000000015153028102003
2721432915812882000000004863029102002
2721432915812883000000017333029102003
2721432915812885000000003533030102008
2721432915812885000000003973030102003
2721432915812888000000006133030102012
2721432915812888000000007033030102003
2721432915812888000000007233030102003
2721432915812888000000009043030102002
2721432915812888000000009333030102011
2721432915812889000000001433030102003
2721432915812892000000001872003112001
2721432915812893000000014093003112003
2721432915812893000000018663003112003
2721432915812894000000000863003112002
2721432915812897000000000872004112012
2721432915812897000000004193004112003
2721432915812898000000000901004112012
2721432915812898000000030973004112002
2721432915812899000000005593004112005
2721432915812902000000001662005112002
2721432915812903000000000271005112012
2721432915812909000000002581006112003
2721432915812910000000000201006112003
2721432915855476000000001411008102005
2721432915855495000000006141014102008
2721432915855499000000002473010072008
2721432915855526000000009503021102012
2721432915855526000000010343021102001
2721432915855536000000004613021072001
2721432915855547000000000111027102012
2721432915855547000000001363027102008
2721432915855547000000004732027102001
2721432915855547000000007373027102005
2721432915855557000000015533028102003
2721432915855557000000018621028102001
2721432915855557000000025913030102003
2721432915855557000000026943028102002
2721432915855563000000002843030102008
2721432915855568000000000421003112012
2721432915855568000000006293003112012
2721432915855568000000007293003112005
2721432915855568000000009393003112001
2721432915855568000000010023003112002
2721432915855568000000011513003112003
2721432915855568000000018773003112002
2721432915855568000000019043003112003
2721432915855568000000019053003112002
2721432915855570000000002303029072008
2721432915855580000000010351006112002
2721432915855680000000004613003062001
2721432915855686000000003743026082008
2721432915855701000000001362001092012
2721432915855701000000005181001092001
2721432915855701000000007683001092008
2721432915855738000000000271020081901
2721432915855773000000007021022092008
2721432915855773000000010183022092001
2721432915855775000000002573026062008
2721432915855787000000007943030062008
2721432915855788000000005783025092008
2721432915855799000000006073029092008
2721432915855811000000002553030092008
2721432915858050000000000923007072001
2721432915858051000000000473007102002
2721432915858052000000000023007102008
2721432915858059000000000243008102008
2721432915858062000000000703008102008
2721432915858062000000000723008102008
2721432915858091000000000493014102003
2721432915858098000000000483014102002
2721432915858109000000000743014102008
2721432915858168000000000813022102003
2721432915858191000000000262026102012
2721432915858238000000000953030102005
2721432915858260000000001373004112002
2721432915858270000000007093004082008
2721432915858282000000006993005082005
2721432915858328000000000483012082008
2721432915858360000000001133017082008
2721432915858443000000000093028052001
2721432915858471000000001343001092002
2721432915858593000000000412018092008
2721432915858625000000000323023092008
2721432915858630000000000443024092008
2721432915858630000000000483024092005
2721432915858668000000000723029092008
2721432915858689000000003343030062008
2721432915860010000000000943002102008
2721432915860010000000002693002102001
2721432915860013000000016043002102001
2721432915860020000000000163002102008
2721432915860020000000000933002102008
2721432915860023000000006273002102008
2721432915860023000000024393002102008
2721432915860023000000032833002102008
2721432915860030000000000453005102008
2721432915860033000000014723005102008
2721432915860033000000019793005102008
2721432915860040000000000443006102008
2721432915860040000000000693006102008
2721432915860043000000019523006102008
2721432915860043000000023133006102008
2721432915860043000000026193006102008
2721432915860065000000000473008102008
2721432915860065000000001113008102008
2721432915860067000000026183008102008
2721432915860067000000029503008102008
2721432915860075000000000323009102008
2721432915860075000000000743009102008
2721432915860094000000000173014102008
2721432915860094000000000623014102008
2721432915860094000000000633014102008
2721432915860097000000020003014102002
2721432915860107000000000263014102008
2721432915860107000000001073014102008
2721432915860109000000005253014102008
2721432915860109000000014493014102008
2721432915860114000000005323015102008
2721432915860114000000020773015102003
2721432915860126000000006612019102008
2721432915860136000000014252020102002
2721432915860165000000010312022102012
2721432915860187000000014693026102003
2721432915860196000000015613027102012
2721432915860220000000004653029102003
2721432915860220000000020013029102003
2721432915860220000000021953029102002
2721432915860228000000000503030102002
2721432915860228000000000733030102011
2721432915860230000000008293030102002
2721432915860230000000012503005052008
2721432915860230000000022663030102005
2721432915860230000000024243030102005
2721432915860230000000025933030102003
2721432915860230000000035403030102003
2721432915860233000000001213003112005
2721432915860240000000005283003112002
2721432915860240000000005323003112003
2721432915860240000000007853003112003
2721432915860240000000007963003112002
2721432915860242000000001693004112003
2721432915860242000000044743006052008
2721432915860250000000009301004112012
2721432915860256000000000323004082008
2721432915860257000000018243004082008
2721432915860269000000008071006112002
2721432915860269000000008591006112001
2721432915860278000000011692006082001
2721432915860282000000010622007082008
2721432915860297000000021503010082008
2721432915860308000000028753011082008
2721432915860308000000032843011082008
2721432915860330000000017313013082005
2721432915860340000000028173014082008
2721432915860340000000030103014082008
2721432915860362000000015603020082003
2721432915860390000000017163025082008
2721432915860390000000019293025082008
2721432915860390000000023583025082008
2721432915860408000000012983026082008
2721432915860408000000017773026082008
2721432915860408000000017793026082008
2721432915860409000000000183028052008
2721432915860420000000010572027082008
2721432915860430000000021223028082008
2721432915860439000000011953031082001
2721432915860439000000018653031082006
2721432915860448000000019373001092008
2721432915860455000000000413002092008
2721432915860455000000000423002092008
2721432915860455000000001023002092008
2721432915860455000000001083002092008
2721432915860462000000001913003092005
2721432915860469000000010752003092008
2721432915860472000000001033004092008
2721432915860472000000001043004092008
2721432915860487000000012943010032008
2721432915860503000000012022010092008
2721432915860509000000010343010092008
2721432915860513000000009561014092008
2721432915860527000000018193015092008
2721432915860527000000026223015092008
2721432915860538000000014582016092008
2721432915860549000000005953018092008
2721432915860549000000006971018092012
2721432915860549000000020383018092008
2721432915860561000000007161018092001
2721432915860561000000008692018092008
2721432915860561000000020513018092001
2721432915860561000000025773018092008
2721432915860579000000004381022092012
2721432915860590000000017443023092008
2721432915860595000000000793023092002
2721432915860604000000000873024092008
2721432915860620000000001143025092008
2721432915860620000000001173025092008
2721432915860624000000001242028092008
2721432915860629000000000563028092008
2721432915860641000000016203029092003
2721432915860641000000018603029092008
2721432915860641000000018763029092008
2721432915860648000000000723030092008
2721432915860649000000009102030092005
310000000257
