1141120200304
2721432915812199000000017913006042005
2721432915812416000000003882010062001
2721432915812616000000003363007082008
2721432915812627000000001112011082001
2721432915812628000000010853011082005
2721432915812637000000001902017082001
2721432915812654000000001263021082005
2721432915812668000000006283025082008
2721432915812671000000000852026082008
2721432915812682000000000982031082008
2721432915812689000000000063001092008
2721432915812690000000024903001092008
2721432915812713000000007062008092001
2721432915812724000000001261010092008
2721432915812724000000007733010092003
2721432915812741000000025193017092008
2721432915812746000000006342018092005
2721432915812771000000018873025092008
2721432915812777000000000241028092001
2721432915812806000000006462007102008
2721432915812806000000014503007102008
2721432915812806000000014513007102008
2721432915812810000000003883008102008
2721432915812816000000010163009102008
2721432915812821000000009162013102008
2721432915812821000000018623013102008
2721432915812821000000021003013102001
2721432915812821000000024833013102008
2721432915812825000000001472014102005
2721432915812826000000024293014102001
2721432915812836000000003723016102003
2721432915812837000000022623016102008
2721432915812842000000002261019102001
2721432915812842000000019463019102008
2721432915812844000000009272019102008
2721432915812844000000016223019102008
2721432915812850000000019543020102008
2721432915812855000000003731021102008
2721432915812855000000027523021102008
2721432915812864000000001392023102001
2721432915812867000000005432026102008
2721432915812882000000001102029102001
2721432915812883000000011513029102003
2721432915812891000000001773003112003
2721432915812893000000011493003112003
2721432915812893000000015113003112002
2721432915812893000000017733003112005
2721432915812894000000000081003112001
2721432915812897000000001142004112003
2721432915812897000000004123004112005
2721432915812898000000006631004112005
2721432915812898000000030933004112011
2721432915812899000000004843004112001
2721432915812902000000003493005112001
2721432915812902000000004043005112003
2721432915812903000000005693005112001
2721432915812909000000022343006112005
2721432915812909000000023513006112005
2721432915812909000000025573006112001
2721432915812915000000001001009112001
2721432915812915000000003491009112001
2721432915812915000000005201009112001
2721432915812915000000006201009112003
2721432915812915000000020313009112003
2721432915812915000000024273009112003
2721432915812915000000024903009112002
2721432915812915000000026323009112003
2721432915812915000000026883009112002
2721432915812915000000029483009112003
2721432915812916000000002343009112011
2721432915812917000000009053009112003
2721432915812922000000000571010112012
2721432915812922000000000881010112012
2721432915812922000000004061010112005
2721432915812922000000004071010112005
2721432915812922000000015133010112005
2721432915812922000000023383010112001
2721432915812923000000002403010112003
2721432915812927000000002041011112002
2721432915812928000000000301011112012
2721432915855471000000002543007102008
2721432915855491000000004503013102008
2721432915855491000000004513013102008
2721432915855495000000002263014102008
2721432915855495000000004723014102008
2721432915855495000000005173014102008
2721432915855495000000006281014102005
2721432915855495000000008993014102008
2721432915855513000000007003019102003
2721432915855513000000007783019102008
2721432915855520000000007193020102001
2721432915855557000000013943028102001
2721432915855557000000013953028102001
2721432915855557000000013963028102001
2721432915855557000000014523028102003
2721432915855557000000019461028102001
2721432915855557000000021212028102001
2721432915855566000000003633028072008
2721432915855568000000003632003112003
2721432915855568000000010003003112011
2721432915855568000000019183003112001
2721432915855580000000004383006112002
2721432915855580000000007463006112002
2721432915855580000000008243006112003
2721432915855580000000016163006112003
2721432915855580000000017153006112003
2721432915855580000000018723006112002
2721432915855580000000019903006112003
2721432915855580000000019923006112002
2721432915855589000000003412009112001
2721432915855589000000003552009112001
2721432915855589000000006283009112003
2721432915855589000000006423009112003
2721432915855591000000008863011112001
2721432915855606000000001813006082008
2721432915855643000000004493017082005
2721432915855643000000010553017082005
2721432915855695000000000933026022008
2721432915855752000000002343016092008
2721432915855765000000005333013032008
2721432915855766000000001392021092008
2721432915855790000000001913025092008
2721432915855805000000001402030092008
2721432915858087000000000633013102008
2721432915858087000000000643013102008
2721432915858128000000000633019102008
2721432915858227000000000512029102002
2721432915858250000000000452003112001
2721432915858260000000000133004112002
2721432915858270000000006723004082008
2721432915858299000000000773010112003
2721432915858310000000000333010112003
2721432915858315000000000022009112005
2721432915858315000000000032009112005
2721432915858325000000000733011112003
2721432915858390000000000133021052008
2721432915858390000000000143021052008
2721432915858407000000011183027052008
2721432915858455000000000443031082005
2721432915858482000000002113003062008
2721432915858505000000000953008092008
2721432915858657000000000873028092008
2721432915858660000000000522029092008
2721432915858679000000000583030092008
2721432915860010000000001153002102008
2721432915860013000000015113002102008
2721432915860013000000016933002102008
2721432915860020000000001133002102008
2721432915860023000000008961002102008
2721432915860023000000020873002102008
2721432915860023000000027693002102008
2721432915860023000000031013002102001
2721432915860030000000000603005102008
2721432915860036000000000663006102008
2721432915860040000000000233006102008
2721432915860043000000013402006102005
2721432915860043000000019783006102008
2721432915860056000000015553007102008
2721432915860056000000015653007102008
2721432915860065000000001093008102008
2721432915860067000000014082008102005
2721432915860067000000016853008102008
2721432915860067000000020653008102008
2721432915860067000000029153008102008
2721432915860067000000029533008102008
2721432915860075000000000503009102008
2721432915860094000000000153014102008
2721432915860097000000026303014102008
2721432915860107000000000583015072008
2721432915860109000000002223014102001
2721432915860114000000021753015102005
2721432915860114000000024633015102008
2721432915860114000000025063015102008
2721432915860126000000016143019102008
2721432915860126000000019813019102008
2721432915860130000000000513019102008
2721432915860130000000000573019102008
2721432915860130000000001473019102008
2721432915860136000000027963020102008
2721432915860136000000037423020102008
2721432915860139000000000822020102008
2721432915860148000000018113021102001
2721432915860165000000005453022102002
2721432915860165000000008271022102005
2721432915860184000000034973024072008
2721432915860187000000006652026102005
2721432915860187000000016003026102005
2721432915860188000000000413027102001
2721432915860196000000000251027102005
2721432915860196000000002913027102001
2721432915860196000000006671027102005
2721432915860196000000017653027102012
2721432915860196000000020753027102003
2721432915860204000000021903028072008
2721432915860215000000000023029102001
2721432915860220000000002913029102001
2721432915860220000000002923029102001
2721432915860220000000019433029102012
2721432915860223000000000133030072012
2721432915860230000000005383030102001
2721432915860230000000016232030102001
2721432915860230000000018232030102001
2721432915860230000000031073030102001
2721432915860240000000007683003112008
2721432915860243000000000703004112001
2721432915860250000000018823004112001
2721432915860250000000029513004112012
2721432915860250000000030313004112011
2721432915860262000000002253005112011
2721432915860262000000009033005112002
2721432915860266000000001433005082008
2721432915860266000000001443005082008
2721432915860266000000001453005082008
2721432915860268000000001313006112003
2721432915860269000000022133006112001
2721432915860269000000028633006112002
2721432915860269000000028943006112002
2721432915860269000000030153006112002
2721432915860274000000002113006112011
2721432915860284000000008012009112012
2721432915860284000000021533009112002
2721432915860284000000022713009112002
2721432915860284000000022953009112002
2721432915860284000000023183009112003
2721432915860284000000023273009112003
2721432915860284000000025443009112003
2721432915860284000000026743009112003
2721432915860286000000000433010112001
2721432915860286000000000973010112003
2721432915860286000000001433010112003
2721432915860286000000001443010112003
2721432915860294000000000041010112012
2721432915860294000000003651010112005
2721432915860294000000007743010112003
2721432915860304000000000293011112003
2721432915860304000000000303011112003
2721432915860314000000000191011112012
2721432915860314000000025683011112003
2721432915860430000000010292028082012
2721432915860439000000015563031082005
2721432915860439000000016633031082001
2721432915860469000000015093003092008
2721432915860500000000002963011032008
2721432915860509000000008353010092008
2721432915860513000000027593014092008
2721432915860538000000010932016092001
2721432915860538000000020843016092008
2721432915860561000000007711018092008
2721432915860561000000018283018092008
2721432915860569000000014443021092008
2721432915860569000000019153021092003
2721432915860580000000001043022092003
2721432915860582000000016373023032008
2721432915860590000000021583023092012
2721432915860600000000012833023092008
2721432915860604000000000913024092008
2721432915860615000000013123025092008
2721432915860629000000000383028092008
2721432915860638000000000633029092008
2721432915860638000000000653029092008
2721432915860638000000001062029092008
2721432915860638000000001072029092008
2721432915860641000000001903029092001
310000000263
