1241020200309
2721432915810776000000010482027031901
2721432915812455000000001492024062008
2721432915812489000000013393001072002
2721432915812543000000015363016072001
2721432915812612000000018753006082008
2721432915812628000000012523011082005
2721432915812632000000003113012082008
2721432915812633000000017743012082005
2721432915812639000000004573017082001
2721432915812641000000003833014082005
2721432915812643000000006832014082011
2721432915812652000000000933021082008
2721432915812655000000000121021082003
2721432915812676000000001092027082008
2721432915812680000000000531028082001
2721432915812680000000002801028082001
2721432915812685000000014293031082001
2721432915812693000000000882002092001
2721432915812695000000004852002092012
2721432915812695000000009243002092001
2721432915812698000000000151003092003
2721432915812713000000008872008092005
2721432915812713000000014393008092008
2721432915812716000000001191009092001
2721432915812721000000000301010092002
2721432915812736000000000281016092005
2721432915812741000000023643017092008
2721432915812746000000025293018092008
2721432915812747000000000382018092001
2721432915812754000000000701022092001
2721432915812760000000000561023092001
2721432915812765000000004103024092001
2721432915812777000000001913028092001
2721432915812786000000006942001102001
2721432915812786000000011303001102005
2721432915812788000000000221001102003
2721432915812792000000006942002102001
2721432915812801000000012312006102005
2721432915812801000000014813006102012
2721432915812803000000001602007102001
2721432915812806000000005632007102003
2721432915812811000000014563008102003
2721432915812811000000016213008102001
2721432915812816000000000821009102001
2721432915812816000000003211009102008
2721432915812817000000000973009102001
2721432915812817000000001513009102012
2721432915812820000000000063013102011
2721432915812821000000012652013102005
2721432915812821000000019523013102012
2721432915812824000000001413014102012
2721432915812826000000009562014102001
2721432915812826000000022553014102001
2721432915812827000000001093014102001
2721432915812831000000001191015102012
2721432915812831000000018603015102003
2721432915812833000000000023015102001
2721432915812834000000000191016102001
2721432915812837000000000161016102001
2721432915812837000000002471016102005
2721432915812837000000019813016102003
2721432915812841000000000011019102001
2721432915812842000000000241019102012
2721432915812842000000010443019102001
2721432915812842000000018253019102002
2721432915812842000000020813019102001
2721432915812842000000020853019102002
2721432915812844000000000051019102001
2721432915812844000000000261019102012
2721432915812844000000013083019102003
2721432915812844000000016003019102003
2721432915812844000000019673019102002
2721432915812844000000021773019102003
2721432915812844000000021783019102001
2721432915812845000000000931019102001
2721432915812845000000003032019102001
2721432915812845000000003042019102001
2721432915812845000000006153019102002
2721432915812845000000006633019102003
2721432915812849000000004913020102002
2721432915812850000000000251020102005
2721432915812850000000017423020102002
2721432915812851000000000952020102001
2721432915812855000000000811021102001
2721432915812855000000000821021102001
2721432915812855000000004481021102012
2721432915812855000000019103021102003
2721432915812856000000000041021102010
2721432915812859000000000761022102003
2721432915812860000000001871022102003
2721432915812860000000003331022102003
2721432915855461000000002423005102001
2721432915855471000000007453007102001
2721432915855483000000001223009102008
2721432915855483000000003893009102003
2721432915855491000000000923013102005
2721432915855495000000001532014102012
2721432915855495000000004993014102003
2721432915855495000000005213014102003
2721432915855495000000009653014102003
2721432915855500000000002443015102005
2721432915855506000000001493015102002
2721432915855513000000000912019102001
2721432915855513000000004201019102005
2721432915855513000000005873019102001
2721432915855520000000000081020102001
2721432915855520000000000341020102003
2721432915855520000000000481020102001
2721432915855520000000003263020102003
2721432915855526000000002651021102003
2721432915855526000000002891021102001
2721432915855526000000011533021102003
2721432915855566000000001192028072001
2721432915855601000000004572005082005
2721432915855601000000006293005082005
2721432915855622000000008853011082008
2721432915855655000000003502019082001
2721432915855665000000004423021082005
2721432915855680000000001502026082008
2721432915855691000000012733028082008
2721432915855691000000012743028082008
2721432915855745000000002233016092002
2721432915855752000000002543016092008
2721432915855752000000003252016092008
2721432915855752000000003692016092001
2721432915855759000000006223018092008
2721432915855766000000004083021092008
2721432915855773000000003423022092005
2721432915855773000000010093022092008
2721432915855778000000003263023092008
2721432915855788000000007162025092001
2721432915855788000000009523025092008
2721432915855795000000006603028092008
2721432915858043000000000562006102001
2721432915858128000000001033019102003
2721432915858128000000001233019102002
2721432915858136000000001463020102003
2721432915858141000000000392020102002
2721432915858150000000000203021102003
2721432915858242000000000313031072008
2721432915858243000000007893031072008
2721432915858282000000009653005082008
2721432915858313000000004162010082008
2721432915858315000000001563011082003
2721432915858357000000011473014082001
2721432915858369000000005473019082008
2721432915858422000000009203026082008
2721432915858432000000000243027082008
2721432915858439000000009653028082005
2721432915858440000000008992028082005
2721432915858449000000002313028082008
2721432915858532000000000953011092005
2721432915858534000000000432014092001
2721432915858545000000000153015092008
2721432915858548000000000923015092008
2721432915858601000000001333021092012
2721432915858611000000006423017091912
2721432915858658000000017042029062001
2721432915860023000000015102002102005
2721432915860048000000000953007102001
2721432915860049000000007441007072001
2721432915860056000000009153007102001
2721432915860067000000015883008102008
2721432915860067000000017723008102005
2721432915860067000000029393008102001
2721432915860071000000016253008072001
2721432915860097000000011982014102005
2721432915860099000000000652015102005
2721432915860109000000021023014102005
2721432915860111000000014863015072008
2721432915860114000000005383015102003
2721432915860114000000008162015102011
2721432915860114000000015223015102011
2721432915860114000000017963015102011
2721432915860114000000021313015102001
2721432915860126000000011823019102003
2721432915860126000000015333019102002
2721432915860126000000017013019102005
2721432915860126000000018953019102002
2721432915860126000000019423019102002
2721432915860130000000000723019102002
2721432915860136000000025053020102002
2721432915860136000000025643020102003
2721432915860136000000026273020102003
2721432915860136000000026463020102005
2721432915860136000000034723020102003
2721432915860136000000037273020102002
2721432915860148000000007301021102012
2721432915860148000000008302021102001
2721432915860148000000012612021102001
2721432915860148000000015343021102003
2721432915860148000000019823021102002
2721432915860148000000022103021102003
2721432915860165000000006071022102007
2721432915860165000000007011022102003
2721432915860184000000046643024072008
2721432915860184000000047203024072008
2721432915860204000000016813028072008
2721432915860204000000021823028072008
2721432915860225000000000683030072008
2721432915860247000000032413003082005
2721432915860247000000042673003082005
2721432915860265000000019943005082012
2721432915860278000000022273006082003
2721432915860278000000025993006082008
2721432915860287000000000873007082008
2721432915860297000000006851010082001
2721432915860312000000000041012082001
2721432915860317000000020473012082003
2721432915860330000000012253013082012
2721432915860351000000014993019082008
2721432915860357000000000752020082012
2721432915860362000000015993020082008
2721432915860362000000017743020082008
2721432915860377000000005783021082008
2721432915860377000000017813021082002
2721432915860390000000011612025082001
2721432915860408000000016293026082012
2721432915860430000000004053028082003
2721432915860434000000018283003032001
2721432915860441000000000062001092001
2721432915860448000000029023001092008
2721432915860466000000000503003092008
2721432915860472000000001703004092008
2721432915860479000000001513008092005
2721432915860479000000001863008092008
2721432915860486000000016163008092008
2721432915860486000000016353008092001
2721432915860486000000016623008092002
2721432915860486000000017963008092008
2721432915860522000000000763014092008
2721432915860527000000012642015092008
2721432915860527000000020953015092005
2721432915860527000000025203015092008
2721432915860527000000025343015092008
2721432915860527000000026173015092008
2721432915860527000000026183015092008
2721432915860532000000000303015092008
2721432915860544000000000483016092008
2721432915860549000000023353018092008
2721432915860556000000000743017092008
2721432915860561000000005293018092008
2721432915860561000000023563018092008
2721432915860561000000025943018092008
2721432915860561000000025973018092008
2721432915860566000000000453018092008
2721432915860566000000001133018092008
2721432915860585000000000113022092008
2721432915860590000000004463023092005
2721432915860590000000021633023092005
2721432915860590000000026273023092008
2721432915860600000000003853023092008
2721432915860600000000010973023092008
2721432915860600000000016993023092008
2721432915860620000000000132025092008
2721432915860620000000000753025092008
2721432915860625000000001212028092003
2721432915860638000000000253029092005
310000000258
