1090920200301
2721432915812035000000002973027022008
2721432915812543000000012613016072008
2721432915812562000000021833023072008
2721432915812577000000043223028072008
2721432915812581000000001302029072008
2721432915812592000000008043031072003
2721432915812593000000004222031072008
2721432915812602000000015213004082008
2721432915812607000000019552005082008
2721432915812607000000024393005082008
2721432915812607000000031763005082008
2721432915812622000000003251010082008
2721432915812622000000023153010082002
2721432915812628000000019353011082008
2721432915812638000000029043017082002
2721432915812638000000029133017082001
2721432915812643000000011012014082008
2721432915812649000000026363021082005
2721432915812649000000027923021082002
2721432915812650000000002473021082005
2721432915812660000000009042024082005
2721432915812660000000011023024082005
2721432915812665000000023883025082002
2721432915812670000000020353026082003
2721432915812673000000003883026082003
2721432915812676000000004423027082002
2721432915812688000000005373001092002
2721432915855554000000008153024072008
2721432915855596000000006773004082011
2721432915855611000000005953007082008
2721432915855611000000008262007082008
2721432915855611000000010133007082008
2721432915855655000000001713019082003
2721432915858034000000000172006072008
2721432915858192000000017713024072008
2721432915858225000000006393029072013
2721432915858248000000006333031072008
2721432915858254000000002073003082008
2721432915858280000000000443005082008
2721432915858313000000001283010082008
2721432915858313000000007793010082008
2721432915858322000000000743011082008
2721432915858357000000008433014082005
2721432915860018000000020303001072008
2721432915860035000000000303006072008
2721432915860133000000000243017072008
2721432915860143000000012973020072008
2721432915860149000000001653021072008
2721432915860184000000019662024072008
2721432915860184000000046173024072008
2721432915860184000000046853024072008
2721432915860226000000003512030072008
2721432915860243000000002503003082008
2721432915860246000000000353003082008
2721432915860247000000012911003082012
2721432915860247000000042283003082008
2721432915860247000000042343003082008
2721432915860247000000044093003082008
2721432915860256000000000103004082008
2721432915860257000000017033004082008
2721432915860269000000000353005082008
2721432915860270000000020593005082008
2721432915860277000000000463006082008
2721432915860277000000000793006082008
2721432915860278000000026103006082008
2721432915860278000000026173006082008
2721432915860282000000003543007082005
2721432915860282000000021903007082008
2721432915860293000000000183010082008
2721432915860308000000006663011082008
2721432915860308000000015872011082008
2721432915860308000000021523011082008
2721432915860308000000022833011082008
2721432915860308000000032493011082008
2721432915860317000000013053012082008
2721432915860317000000021613012082008
2721432915860317000000022143012082003
2721432915860317000000022863012082008
2721432915860317000000023403012082008
2721432915860317000000023443012082008
2721432915860318000000000303012082008
2721432915860329000000000373013082008
2721432915860329000000000423013082008
2721432915860330000000020053013082008
2721432915860337000000000333014082008
2721432915860351000000017343019082005
2721432915860362000000016593020082003
2721432915860362000000017003020082003
2721432915860390000000013333025082002
2721432915860391000000002043025082011
2721432915860408000000004173026082005
2721432915860408000000010932026082003
2721432915860413000000001853027082002
2721432915860448000000009692001092002
2721432915860448000000015392001092001
2721432915860469000000004991003092002
2721432915860469000000006772003092003
2721432915860511000000017493012062008
2721432915860582000000004333023062008
2721432915860614000000018663026062008
2721432915860614000000023263026062008
2721432915860624000000013023029062008
310000000102
