1081020200304
2721432915812109000000018173016032005
2721432915812129000000010463020032008
2721432915812348000000009703021052005
2721432915812388000000004332002062008
2721432915812432000000013883016062008
2721432915812434000000023023017062008
2721432915812448000000003293022062008
2721432915812468000000002762026062008
2721432915812532000000001523015072008
2721432915812543000000000031016072001
2721432915812572000000002381027072008
2721432915812575000000000013028072008
2721432915812577000000007761028072008
2721432915812582000000017573029072002
2721432915812596000000003863003082005
2721432915812612000000011023006082012
2721432915812616000000002943007082008
2721432915812617000000012713007082005
2721432915812622000000009032010082001
2721432915812622000000026623010082008
2721432915812629000000001472011082001
2721432915812633000000007492012082012
2721432915812633000000014033012082008
2721432915812634000000000793012082005
2721432915812637000000003993017082005
2721432915812638000000025543017082005
2721432915812639000000004623017082002
2721432915812643000000015423014082012
2721432915812650000000002963021082008
2721432915812657000000000461021082005
2721432915812658000000003083021082008
2721432915812668000000005703025082005
2721432915812671000000001973026082008
2721432915812673000000003383026082001
2721432915812678000000001372028082005
2721432915812690000000022923001092001
2721432915812691000000002583001092008
2721432915812691000000002733001092001
2721432915812700000000006201003092003
2721432915812709000000001122004092008
2721432915812709000000001743004092005
2721432915812717000000033183009092005
2721432915812718000000001502009092001
2721432915812718000000002092009092008
2721432915812727000000000872011092003
2721432915812734000000000091015092001
2721432915812734000000005471015092012
2721432915812734000000010362015092001
2721432915812734000000013952015092008
2721432915812734000000014082015092001
2721432915812734000000022843015092008
2721432915812737000000015163016092003
2721432915812741000000017713017092011
2721432915812741000000026993017092003
2721432915812742000000002523017092003
2721432915812747000000001042018092003
2721432915812755000000002943022092008
2721432915812757000000010823022092008
2721432915812766000000011783024092001
2721432915812771000000006922025092008
2721432915812771000000016503025092012
2721432915812772000000001892025092001
2721432915812776000000015213028092012
2721432915812776000000019293028092003
2721432915812780000000003073029092003
2721432915812786000000013583001102003
2721432915812792000000002141002102005
2721432915812792000000016723002102003
2721432915812796000000000081005102001
2721432915812801000000003991006102003
2721432915855461000000005273005102003
2721432915855536000000005483021072011
2721432915855611000000009713007082003
2721432915855622000000007663011082005
2721432915855622000000008833011082002
2721432915855648000000001971018082001
2721432915855655000000001733019082012
2721432915855675000000006293025082008
2721432915855680000000007453026082001
2721432915855680000000007993026082008
2721432915855691000000013513028082003
2721432915855693000000005963005062008
2721432915855701000000005252001092001
2721432915855707000000005573002092001
2721432915855747000000000341016092005
2721432915855752000000003732016092005
2721432915855753000000003413017092001
2721432915855773000000003553022092002
2721432915855778000000003503023092003
2721432915855780000000001903023092001
2721432915855780000000002913023092001
2721432915855790000000005503025092002
2721432915855795000000001893028092002
2721432915855799000000005583029092012
2721432915855805000000002523030092005
2721432915855805000000003593030092002
2721432915855805000000004173030092003
2721432915855805000000004323030092001
2721432915858021000000001353002072008
2721432915858033000000000311005102012
2721432915858179000000000843023072008
2721432915858214000000004292028072008
2721432915858248000000004272031072008
2721432915858286000000000733006082012
2721432915858313000000008403010082003
2721432915858323000000011573011082008
2721432915858350000000000373014082008
2721432915858395000000002301021082001
2721432915858398000000001173024082003
2721432915858405000000002331025082003
2721432915858440000000011353028082001
2721432915858440000000012623028082008
2721432915858440000000016343028082008
2721432915858460000000000343031082008
2721432915858460000000001663031082001
2721432915858476000000000603002092008
2721432915858497000000000193005062001
2721432915858504000000003293005062008
2721432915858507000000000163008092008
2721432915858513000000014013008092005
2721432915858513000000016153008092003
2721432915858513000000016383008092008
2721432915858516000000000833009092008
2721432915858541000000000231014092005
2721432915858545000000000532015092001
2721432915858564000000000503016092001
2721432915858583000000005523016062008
2721432915858606000000007613018032008
2721432915858640000000000653025092002
2721432915858656000000000053028092003
2721432915858657000000000282028092003
2721432915858658000000022152029062008
2721432915860013000000001773002102002
2721432915860013000000003993002102003
2721432915860015000000000923002102005
2721432915860023000000011482002102005
2721432915860023000000022553002102003
2721432915860023000000032193002102003
2721432915860030000000000183005102003
2721432915860033000000011503005102003
2721432915860143000000022583020072008
2721432915860182000000001503024072008
2721432915860184000000037393024072002
2721432915860194000000015783027072008
2721432915860247000000002473003082008
2721432915860247000000002483003082008
2721432915860247000000015532003082005
2721432915860254000000001343004082003
2721432915860265000000003923005082008
2721432915860270000000007502005082005
2721432915860270000000012713005082001
2721432915860270000000020023005082008
2721432915860270000000020523005082008
2721432915860287000000000903007082008
2721432915860287000000001033007082008
2721432915860310000000000913012082003
2721432915860317000000010222012082005
2721432915860329000000000213013082008
2721432915860337000000001043014082008
2721432915860340000000016422014082008
2721432915860345000000001443019082008
2721432915860357000000001703020082005
2721432915860357000000001903020082001
2721432915860371000000000433021082008
2721432915860371000000000873021082008
2721432915860371000000000883021082008
2721432915860371000000001073021082008
2721432915860377000000005513021082003
2721432915860377000000023103021082005
2721432915860377000000028913021082008
2721432915860408000000017193026082003
2721432915860408000000020493026082005
2721432915860420000000004483027082008
2721432915860420000000020363027082002
2721432915860429000000000983028082008
2721432915860429000000001253028082008
2721432915860430000000016903028082012
2721432915860430000000017133028082008
2721432915860430000000024773028082005
2721432915860430000000027163028082008
2721432915860439000000018633031082003
2721432915860441000000001843001092008
2721432915860445000000000783001092003
2721432915860448000000009792001092001
2721432915860448000000011812001092005
2721432915860448000000017973001092012
2721432915860448000000023453001092005
2721432915860448000000023673001092003
2721432915860448000000026883001092003
2721432915860448000000028583001092008
2721432915860455000000000473002092008
2721432915860456000000014923002092012
2721432915860456000000017113002092008
2721432915860456000000017143002092008
2721432915860456000000019503002092008
2721432915860456000000020123002092008
2721432915860463000000001633005062008
2721432915860472000000001243004092008
2721432915860472000000001533004092008
2721432915860477000000002263004092005
2721432915860479000000001072008092001
2721432915860480000000001643008092008
2721432915860486000000018263008092008
2721432915860486000000018323008092003
2721432915860494000000001163009092008
2721432915860495000000006862010062008
2721432915860503000000007001010092005
2721432915860509000000003093010092003
2721432915860509000000013483010092001
2721432915860513000000007022014092005
2721432915860513000000031353014092011
2721432915860519000000000123014092005
2721432915860527000000005543015092005
2721432915860530000000001863016062008
2721432915860532000000015173016062008
2721432915860538000000016963016092005
2721432915860538000000016983016092005
2721432915860539000000022682016062001
2721432915860544000000001183016092012
2721432915860549000000023993018092003
2721432915860561000000007121018092012
2721432915860561000000022363018092011
2721432915860561000000023193018092001
2721432915860561000000025543018092003
2721432915860569000000012162021092005
2721432915860569000000019433021092005
2721432915860579000000003703022092012
2721432915860579000000009102022092005
2721432915860579000000016413022092005
2721432915860585000000000303022092003
2721432915860590000000016863023092005
2721432915860590000000022693023092002
2721432915860600000000017033023092003
2721432915860600000000019183023092011
2721432915860602000000015403024062001
2721432915860604000000000373024092003
2721432915860614000000000893025092005
2721432915860615000000007211025092005
2721432915860641000000010002029092001
2721432915860641000000011063029092012
2721432915860641000000018303029092002
2721432915860641000000018833029092003
2721432915860641000000019683029092005
2721432915860643000000001392030092001
2721432915860649000000007792030092003
2721432915860649000000014233030092003
310000000246
