1030920200302
2721432915812260000000014113022042008
2721432915812371000000001633029052001
2721432915812434000000027433017062008
2721432915812461000000001412025062001
2721432915812503000000001102006072008
2721432915812509000000003631007072012
2721432915812522000000000751013072008
2721432915812528000000000721014072008
2721432915812529000000018603014072008
2721432915812549000000001661017072008
2721432915812557000000003401022072008
2721432915812582000000012933029072008
2721432915812587000000015833030072008
2721432915812607000000031793005082008
2721432915812607000000034053005082002
2721432915812612000000004622006082008
2721432915812617000000007182007082008
2721432915812617000000013783007082008
2721432915812629000000003433011082011
2721432915812649000000020733021082003
2721432915812651000000012733021082002
2721432915812665000000023893025082002
2721432915812670000000011913026082001
2721432915812670000000019773026082001
2721432915812673000000001843026082001
2721432915812673000000003323026082001
2721432915855455000000004253001072005
2721432915855506000000004973013072008
2721432915855510000000001253014072008
2721432915855543000000002613022072008
2721432915855566000000006162028072005
2721432915855566000000007253028072008
2721432915855578000000010623030072008
2721432915855583000000006873031072008
2721432915855583000000007963031072008
2721432915855606000000004663006082008
2721432915855611000000004423007082005
2721432915855611000000005723007082008
2721432915855643000000000151017082001
2721432915855686000000001133026082003
2721432915855691000000005833028082002
2721432915858007000000000843001072008
2721432915858049000000007393007072008
2721432915858085000000005642010072008
2721432915858135000000000192017072008
2721432915858179000000000883023072011
2721432915858180000000002983023072008
2721432915858214000000001872029042008
2721432915858225000000003502029072008
2721432915858248000000007433031072008
2721432915858298000000007393007082001
2721432915858315000000002093011082008
2721432915858405000000001473025082002
2721432915858422000000005192026082005
2721432915858439000000012413028082003
2721432915858440000000008932028082001
2721432915858651000000005673024062012
2721432915858658000000037813029062008
2721432915858676000000005023029062008
2721432915860039000000023733006072008
2721432915860039000000025153006072008
2721432915860049000000023393007072008
2721432915860092000000013333014042008
2721432915860101000000025043014072008
2721432915860107000000000903015072008
2721432915860121000000005543015072008
2721432915860152000000000041021072008
2721432915860153000000019753021072008
2721432915860174000000013383023072008
2721432915860182000000001063024072008
2721432915860182000000001673024072008
2721432915860184000000041533024072008
2721432915860193000000000283027072008
2721432915860204000000008432028072005
2721432915860210000000000903029072008
2721432915860225000000000893030072008
2721432915860237000000012503031072008
2721432915860247000000034083003082008
2721432915860247000000036613003082008
2721432915860247000000036623003082008
2721432915860247000000038223003082005
2721432915860247000000039973003082008
2721432915860247000000043053003082008
2721432915860257000000016983004082008
2721432915860265000000020143005082008
2721432915860265000000020863005082008
2721432915860270000000016723005082008
2721432915860277000000000473006082008
2721432915860278000000017553006082008
2721432915860278000000019413006082008
2721432915860278000000021253006082008
2721432915860278000000024413006082008
2721432915860278000000025713006082008
2721432915860278000000026033006082008
2721432915860282000000019333007082012
2721432915860282000000019623007082008
2721432915860282000000021963007082008
2721432915860287000000000253007082008
2721432915860308000000004643011082001
2721432915860308000000024733011082011
2721432915860308000000028223011082008
2721432915860308000000030713011082003
2721432915860308000000032913011082008
2721432915860330000000020613013082003
2721432915860340000000013522014082001
2721432915860341000000000661017082012
2721432915860377000000005893021082005
2721432915860379000000000822025082001
2721432915860390000000012563025082005
2721432915860413000000002003027082003
2721432915860439000000005921031082001
2721432915860540000000010823017032005
2721432915860550000000017123017062008
2721432915860602000000017453024062008
310000000114
