1121120200304
2721432915812163000000016173027032005
2721432915812216000000010743009042001
2721432915812322000000001283013052001
2721432915812607000000041983005082008
2721432915812622000000019263010082008
2721432915812628000000016763011082003
2721432915812638000000029323017082001
2721432915812649000000030863021082005
2721432915812652000000000322021082003
2721432915812665000000004901025082008
2721432915812673000000003783026082008
2721432915812700000000004511003092012
2721432915812713000000017653008092001
2721432915812717000000016662009092008
2721432915812731000000014993014092008
2721432915812734000000035963015092008
2721432915812735000000007913015092001
2721432915812746000000026283018092001
2721432915812748000000002022021092008
2721432915812755000000002953022092008
2721432915812757000000012663022092008
2721432915812765000000004503024092001
2721432915812775000000001902028092001
2721432915812775000000004163028092001
2721432915812776000000008362028092008
2721432915812785000000004063001102008
2721432915812786000000000711001102012
2721432915812795000000004003005102005
2721432915812796000000014453005102008
2721432915812797000000000111005102012
2721432915812801000000026493006102001
2721432915812807000000000602007102008
2721432915812807000000000792007102008
2721432915812816000000009523009102008
2721432915812819000000005823013102001
2721432915812826000000012163014102001
2721432915812826000000027893014102005
2721432915812830000000003243015102008
2721432915812831000000021263015102008
2721432915812837000000014703016102008
2721432915812841000000001032019102008
2721432915812850000000000971020102001
2721432915812850000000019623020102003
2721432915812859000000001132022102008
2721432915812859000000003963022102001
2721432915812859000000004633022102001
2721432915812860000000013373022102003
2721432915812860000000019273022102003
2721432915812864000000004533023102003
2721432915812864000000004543023102003
2721432915812867000000002701026102012
2721432915812869000000004193026102001
2721432915812871000000003363027102005
2721432915812872000000000403027102005
2721432915812874000000001953027102008
2721432915812876000000001633028102001
2721432915812883000000017183029102005
2721432915812883000000019653029102012
2721432915812888000000000371030102012
2721432915812888000000010183030102001
2721432915812890000000000053003112003
2721432915812893000000006732003112012
2721432915812897000000002933004112012
2721432915812897000000004223004112003
2721432915812897000000004523004112003
2721432915812898000000004401004112005
2721432915812898000000006821004112005
2721432915812898000000022183004112001
2721432915812898000000023483004112005
2721432915812898000000026683004112005
2721432915812898000000030323004112001
2721432915812898000000031973004112003
2721432915812898000000032093004112002
2721432915812899000000004143004112012
2721432915812899000000005503004112012
2721432915812902000000002883005112012
2721432915812903000000006913005112013
2721432915812908000000002543006112003
2721432915812909000000001491006112005
2721432915812909000000005171006112012
2721432915812909000000005771006112012
2721432915812909000000006091006112003
2721432915812909000000027333006112003
2721432915812915000000001521009112012
2721432915812915000000004241009112001
2721432915812916000000000151009112001
2721432915855461000000004193005102008
2721432915855467000000002972006102008
2721432915855495000000003843014102008
2721432915855495000000004973014102008
2721432915855495000000005043014102008
2721432915855513000000005532019102001
2721432915855526000000005232021102005
2721432915855526000000009553021102008
2721432915855526000000011923021102001
2721432915855542000000003553026102005
2721432915855551000000002573028102003
2721432915855551000000004973028102002
2721432915855557000000000691028102001
2721432915855557000000012013028102001
2721432915855557000000018363028102001
2721432915855563000000002543030102001
2721432915855568000000007333003112005
2721432915855568000000009353003112005
2721432915855568000000012931003112005
2721432915855568000000013111003112001
2721432915855568000000017383003112003
2721432915855568000000017863003112005
2721432915855568000000017933003112002
2721432915855571000000006573004112003
2721432915855573000000006023005112003
2721432915855573000000007773005112002
2721432915855573000000007843005112002
2721432915855573000000008663005112003
2721432915855575000000000013005112012
2721432915855580000000016383006112003
2721432915855580000000019203006112012
2721432915855589000000000841009112003
2721432915855589000000001521009112002
2721432915855632000000003833013082008
2721432915855686000000003913026082005
2721432915855691000000012493028082008
2721432915855701000000002973001092008
2721432915855751000000006003022062001
2721432915855759000000007633018092008
2721432915855766000000001442021092008
2721432915855790000000003882025092008
2721432915855795000000000872028092008
2721432915855799000000006223029092008
2721432915855811000000001683030092001
2721432915858073000000000253009102008
2721432915858075000000001443009102008
2721432915858107000000000203014102008
2721432915858109000000000683014102008
2721432915858168000000000143022102008
2721432915858234000000000733030102003
2721432915858248000000000623031072001
2721432915858279000000001113006112002
2721432915858281000000001443006112003
2721432915858315000000001883011082008
2721432915858346000000007062013082003
2721432915858357000000012043014082008
2721432915858369000000005583019082001
2721432915858406000000000563025082008
2721432915858407000000011173027052008
2721432915858420000000000353026082008
2721432915858493000000001033003092008
2721432915858640000000000693025092005
2721432915860013000000004023002102008
2721432915860013000000007962002102003
2721432915860023000000032943002102008
2721432915860033000000009322005102008
2721432915860033000000017723005102008
2721432915860033000000018973005102008
2721432915860040000000000423006102008
2721432915860040000000000433006102008
2721432915860040000000000623006102008
2721432915860040000000000823006102008
2721432915860043000000020093006102008
2721432915860065000000000243008102008
2721432915860067000000013302008102008
2721432915860067000000013722008102008
2721432915860067000000029513008102008
2721432915860067000000029523008102008
2721432915860075000000000313009102008
2721432915860075000000000833009102008
2721432915860083000000014713013042008
2721432915860085000000000223013102008
2721432915860085000000000253013102008
2721432915860097000000019273014102005
2721432915860097000000026273014102008
2721432915860097000000026583014102008
2721432915860107000000000843014102008
2721432915860109000000014533014102003
2721432915860109000000018613014102008
2721432915860109000000022743014102008
2721432915860114000000012022015102008
2721432915860114000000020193015102002
2721432915860114000000024503015102013
2721432915860126000000015223019102003
2721432915860130000000000343019102008
2721432915860133000000000753017072008
2721432915860136000000012522020102008
2721432915860136000000030153020102008
2721432915860136000000030203020102008
2721432915860136000000036833020102003
2721432915860148000000024052021102001
2721432915860149000000000352021102008
2721432915860165000000019103022102002
2721432915860168000000001213024042008
2721432915860176000000019833023102003
2721432915860176000000021013023102003
2721432915860187000000014163026102003
2721432915860208000000007193028102001
2721432915860213000000000133029102005
2721432915860217000000000943003112001
2721432915860220000000007712029102012
2721432915860220000000018813029102012
2721432915860226000000000253030102001
2721432915860228000000000122030102008
2721432915860230000000001202030102001
2721432915860230000000010521030102001
2721432915860230000000029933030102003
2721432915860230000000030733030102001
2721432915860230000000032803030102003
2721432915860237000000013773031072002
2721432915860240000000007873003112003
2721432915860240000000008713003112011
2721432915860246000000000143004112001
2721432915860250000000006393004112002
2721432915860250000000026353004112003
2721432915860250000000028643004112003
2721432915860250000000029563004112001
2721432915860250000000030303004112011
2721432915860256000000000523004082008
2721432915860259000000000423005112003
2721432915860262000000003582005112001
2721432915860262000000003612005112001
2721432915860262000000008523005112003
2721432915860262000000008973005112002
2721432915860262000000009293005112005
2721432915860262000000009713005112001
2721432915860262000000011023005112003
2721432915860263000000005143005022007
2721432915860265000000001081006112005
2721432915860265000000001883006112003
2721432915860265000000007082005082001
2721432915860265000000015453005082008
2721432915860269000000005753006112003
2721432915860269000000005863006112003
2721432915860269000000012532006112003
2721432915860269000000020493006112003
2721432915860269000000025263006112002
2721432915860269000000028363006112003
2721432915860269000000029023006112002
2721432915860282000000016113007082008
2721432915860284000000005441009112001
2721432915860284000000005691009112002
2721432915860284000000006451009112012
2721432915860284000000006961009112003
2721432915860308000000025203011082008
2721432915860340000000012582014082008
2721432915860340000000015222014082003
2721432915860351000000015433019082001
2721432915860371000000001053021082008
2721432915860377000000022613021082008
2721432915860390000000024263025082008
2721432915860392000000000523025082008
2721432915860466000000001073003092008
2721432915860486000000010442008092008
2721432915860486000000018293008092008
2721432915860503000000019273010092008
2721432915860503000000019873010092005
2721432915860503000000024953010092008
2721432915860509000000007582010092008
2721432915860513000000024383014092008
2721432915860513000000029993014092008
2721432915860519000000005453013032001
2721432915860527000000013262015092008
2721432915860538000000006033016092008
2721432915860549000000013542018092008
2721432915860549000000013592018092008
2721432915860556000000000183017092008
2721432915860566000000000373018092008
2721432915860590000000005043023092008
2721432915860590000000005103023092008
2721432915860629000000000903028092008
2721432915860629000000000913028092008
2721432915860638000000000583029092008
2721432915860638000000001333029092008
2721432915860643000000002033030092008
2721432915860648000000001213030092008
2721432915860649000000003583030092008
310000000273
