1201120200306
2721432915812131000000017353020032008
2721432915812388000000001661002062001
2721432915812440000000000831018062005
2721432915812548000000012943017072008
2721432915812592000000011353031072003
2721432915812607000000039643005082008
2721432915812617000000014813007082003
2721432915812633000000016853012082008
2721432915812638000000030663017082001
2721432915812660000000012533024082008
2721432915812660000000013663024082005
2721432915812685000000016633031082005
2721432915812704000000000701004092008
2721432915812709000000002423004092008
2721432915812713000000005422008092005
2721432915812717000000013392009092008
2721432915812737000000016833016092008
2721432915812741000000000981017092012
2721432915812751000000023223021092002
2721432915812770000000004143025092008
2721432915812772000000003143025092002
2721432915812793000000000862002102008
2721432915812795000000004113005102008
2721432915812801000000018293006102008
2721432915812803000000003723007102008
2721432915812806000000013113007102008
2721432915812806000000016173007102001
2721432915812811000000020053008102008
2721432915812821000000019993013102008
2721432915812830000000002283015102008
2721432915812830000000004223015102005
2721432915812837000000012793016102008
2721432915812849000000004393020102008
2721432915812854000000000821021102001
2721432915812855000000021623021102008
2721432915812859000000004893022102008
2721432915812878000000009143028102001
2721432915812883000000005332029102001
2721432915812888000000004312030102001
2721432915812893000000011403003112005
2721432915812897000000001582004112005
2721432915812899000000000921004112001
2721432915812899000000001792004112005
2721432915812902000000002703005112003
2721432915812903000000004703005112001
2721432915812904000000001523005112001
2721432915812908000000003543006112005
2721432915812909000000027993006112001
2721432915812915000000002861009112012
2721432915812915000000017893009112005
2721432915812915000000027593009112001
2721432915812917000000007573009112002
2721432915812917000000008333009112003
2721432915812920000000004283010112005
2721432915812922000000000241010112001
2721432915812922000000020413010112003
2721432915812922000000022193010112003
2721432915812925000000001892011112005
2721432915812926000000001253011112012
2721432915812927000000009183011112003
2721432915812927000000012273011112003
2721432915812928000000004043011112001
2721432915812935000000000762013112011
2721432915812935000000003543013112002
2721432915812935000000003823013112002
2721432915812935000000004523013112003
2721432915812936000000001263013112003
2721432915812937000000015723013112005
2721432915812937000000017563013112003
2721432915812937000000020273013112002
2721432915812937000000021133013112005
2721432915812937000000022233013112003
2721432915812938000000000633013112011
2721432915812941000000001373013112002
2721432915812942000000001141016112012
2721432915812942000000004611016112001
2721432915812942000000013783016112008
2721432915812942000000017133016112001
2721432915812942000000020433016112003
2721432915812942000000021873016112002
2721432915812943000000003703016112002
2721432915812957000000001771018112001
2721432915855471000000003893007102008
2721432915855491000000001063013102008
2721432915855495000000005183014102008
2721432915855506000000002243015102008
2721432915855513000000006743019102008
2721432915855520000000007083020102008
2721432915855526000000011973021102008
2721432915855532000000002903021102008
2721432915855542000000003863026102008
2721432915855547000000008783027102008
2721432915855557000000001331028102005
2721432915855557000000011193028102003
2721432915855568000000003232003112005
2721432915855568000000007423003112005
2721432915855568000000009853003112003
2721432915855580000000003212006112001
2721432915855580000000006753006112002
2721432915855580000000007823006112003
2721432915855591000000004183011112001
2721432915855591000000009333011112011
2721432915855600000000002741011112001
2721432915855600000000004382011112005
2721432915855607000000003543013112001
2721432915855607000000003981013112005
2721432915855607000000004601013112012
2721432915855607000000004651013112001
2721432915855612000000001123013112005
2721432915855612000000002383013112002
2721432915855612000000002513013112002
2721432915855612000000006753013112003
2721432915855612000000006783013112002
2721432915855622000000001841017112012
2721432915855626000000004341018112001
2721432915855627000000004033012082008
2721432915855691000000013203028082003
2721432915855707000000000943002092008
2721432915855747000000001773016092008
2721432915855747000000004261016092001
2721432915855766000000002463021092008
2721432915858024000000000273003072008
2721432915858088000000000442013102005
2721432915858099000000000512014102008
2721432915858202000000000393027102008
2721432915858207000000000683028102001
2721432915858439000000006332028082008
2721432915858439000000010513028082008
2721432915858548000000001083015092008
2721432915858617000000008423020032008
2721432915860010000000002133002102008
2721432915860013000000017423002102008
2721432915860013000000019573002102008
2721432915860020000000001143002102008
2721432915860030000000000693005102008
2721432915860033000000012443005102008
2721432915860039000000028593006072005
2721432915860040000000000993006102008
2721432915860048000000000531007102008
2721432915860048000000001233007102008
2721432915860053000000000443007102008
2721432915860065000000000733008102008
2721432915860067000000029853008102008
2721432915860070000000001133009102008
2721432915860075000000000363009102008
2721432915860075000000001663009102008
2721432915860075000000001743009102008
2721432915860075000000001833009102008
2721432915860094000000000253014102008
2721432915860094000000000963014102008
2721432915860097000000020453014102001
2721432915860097000000022773014102012
2721432915860097000000023743014102008
2721432915860107000000000103014102008
2721432915860107000000000113014102008
2721432915860118000000000163016102008
2721432915860118000000000433016102002
2721432915860118000000000723016102008
2721432915860126000000015453019102005
2721432915860126000000018223019102008
2721432915860130000000000323019102008
2721432915860130000000000863019102008
2721432915860130000000001213019102008
2721432915860130000000001253019102008
2721432915860130000000001523019102008
2721432915860136000000003343020102001
2721432915860136000000007653020102008
2721432915860136000000014562020102012
2721432915860136000000019843020102001
2721432915860136000000028923020102008
2721432915860136000000029543020102005
2721432915860136000000033033020102008
2721432915860136000000033153020102008
2721432915860136000000033903020102008
2721432915860136000000036473020102008
2721432915860136000000036563020102008
2721432915860142000000000333020102008
2721432915860143000000012883020072008
2721432915860148000000023293021102008
2721432915860148000000024443021102008
2721432915860152000000001053021102008
2721432915860163000000000183022102008
2721432915860163000000000313022102008
2721432915860163000000000653022102008
2721432915860165000000010302022102008
2721432915860165000000012822022102005
2721432915860165000000022493022102008
2721432915860165000000022503022102008
2721432915860165000000024593022102008
2721432915860173000000000473023102008
2721432915860173000000000913023102008
2721432915860173000000001943023102008
2721432915860176000000020353023102008
2721432915860176000000021773023102008
2721432915860176000000021793023102008
2721432915860176000000022873023102003
2721432915860176000000022883023102008
2721432915860176000000022923023102008
2721432915860176000000023053023102008
2721432915860176000000023633023102008
2721432915860176000000023693023102008
2721432915860180000000001263026102008
2721432915860184000000000323026102008
2721432915860187000000016173026102008
2721432915860194000000017733027072008
2721432915860195000000000073027102008
2721432915860195000000000143027102008
2721432915860195000000000173027102008
2721432915860196000000023863027102005
2721432915860208000000008353028102002
2721432915860230000000029883030102003
2721432915860240000000006853003112002
2721432915860247000000009543003082008
2721432915860250000000029623004112001
2721432915860250000000035903004112002
2721432915860262000000009773005112012
2721432915860262000000010103005112012
2721432915860262000000011153005112003
2721432915860269000000026253006112005
2721432915860269000000026313006112003
2721432915860284000000011652009112005
2721432915860284000000021193009112002
2721432915860294000000011403010112001
2721432915860294000000011753010112005
2721432915860294000000012753010112002
2721432915860308000000033023011082008
2721432915860314000000005773011112003
2721432915860314000000011632011112005
2721432915860314000000011762011112005
2721432915860314000000018883011112002
2721432915860314000000019353011112003
2721432915860314000000019763011112005
2721432915860314000000020773011112003
2721432915860314000000021283011112001
2721432915860314000000023843011112002
2721432915860337000000005581016112001
2721432915860337000000005711016112001
2721432915860337000000008642016112005
2721432915860337000000016343016112011
2721432915860337000000018863016112003
2721432915860337000000019923016112002
2721432915860340000000000623016112002
2721432915860349000000004881017112001
2721432915860349000000011983017112003
2721432915860351000000016703019082001
2721432915860359000000005531018112003
2721432915860359000000007351018112012
2721432915860359000000007411018112003
2721432915860369000000015011018112012
2721432915860369000000015361018112003
2721432915860369000000016331018112001
2721432915860369000000018851018112012
2721432915860369000000019211018112012
2721432915860369000000021431018112003
2721432915860377000000012222021082008
2721432915860403000000000723026082008
2721432915860430000000017773028082001
2721432915860469000000012043003092008
2721432915860472000000000733004092008
2721432915860472000000001393004092008
2721432915860486000000017253008092001
2721432915860503000000019413010092008
2721432915860508000000000853010092008
2721432915860538000000022993016092008
2721432915860549000000011822018092008
2721432915860550000000021813017062008
2721432915860562000000015803019062008
2721432915860569000000003641021092005
2721432915860579000000012203022092005
2721432915860579000000019683022092008
2721432915860580000000000293022092005
2721432915860585000000000513022092008
2721432915860600000000006912023092001
2721432915860615000000014693025092008
2721432915860620000000001013025092008
2721432915860641000000012403029092008
2721432915860641000000021183029092008
2721432915860649000000016203030092008
310000000278
