1231020200305
2721432915810150000000039513021081801
2721432915812290000000003613004052001
2721432915812443000000012743018062005
2721432915812593000000005763031072008
2721432915812593000000007153031072001
2721432915812602000000019813004082008
2721432915812627000000003273011082005
2721432915812631000000000391012082005
2721432915812637000000000521017082005
2721432915812638000000003871017082005
2721432915812643000000023373014082008
2721432915812643000000025263014082008
2721432915812647000000013453021082012
2721432915812649000000031403021082008
2721432915812651000000013283021082005
2721432915812658000000003673021082005
2721432915812661000000002063024082001
2721432915812688000000003573001092012
2721432915812693000000000331002092001
2721432915812695000000012763002092008
2721432915812699000000000371003092001
2721432915812700000000003961003092008
2721432915812700000000023033003092008
2721432915812704000000003883004092008
2721432915812717000000022773009092008
2721432915812722000000008702010092008
2721432915812727000000001403011092001
2721432915812728000000024033011092008
2721432915812734000000027773015092008
2721432915812735000000007893015092005
2721432915812737000000008092016092008
2721432915812737000000011972016092008
2721432915812739000000000401017092001
2721432915812739000000002443017092001
2721432915812741000000024373017092008
2721432915812746000000002321018092012
2721432915812751000000011212021092008
2721432915812751000000020403021092005
2721432915812754000000002073022092001
2721432915812755000000005413022092008
2721432915812757000000012683022092008
2721432915812757000000018613022092008
2721432915812757000000019803022092008
2721432915812770000000003063025092008
2721432915812771000000011553025092008
2721432915812776000000013993028092008
2721432915812786000000001091001102012
2721432915812786000000016603001102005
2721432915812792000000002111002102001
2721432915812801000000027613006102001
2721432915812806000000016783007102003
2721432915812806000000016943007102011
2721432915812811000000001321008102012
2721432915812815000000000942009102003
2721432915812816000000004702009102012
2721432915812816000000013033009102002
2721432915812819000000004963013102005
2721432915812821000000004811013102011
2721432915812821000000016273013102011
2721432915812821000000022993013102011
2721432915812821000000023003013102011
2721432915812821000000025093013102005
2721432915812826000000002851014102012
2721432915812826000000011842014102002
2721432915812826000000014563014102003
2721432915812826000000015613014102003
2721432915812826000000019163014102003
2721432915812826000000024713014102011
2721432915812831000000003391015102008
2721432915812831000000004712015102005
2721432915812831000000009332015102003
2721432915812831000000016383015102001
2721432915812837000000001071016102005
2721432915812837000000005302016102005
2721432915812837000000009532016102003
2721432915812837000000018213016102003
2721432915812837000000020123016102003
2721432915812837000000020333016102003
2721432915812842000000008842019102003
2721432915812842000000015373019102002
2721432915812843000000000973019102002
2721432915812850000000003631020102001
2721432915812855000000001341021102003
2721432915812855000000002381021102001
2721432915812855000000002971021102002
2721432915812855000000003221021102001
2721432915855467000000004963006102001
2721432915855471000000003723007102003
2721432915855483000000001043009102005
2721432915855495000000006852014102003
2721432915855495000000009093014102008
2721432915855506000000000251015102012
2721432915855513000000003473019102001
2721432915855513000000007273019102003
2721432915855513000000007543019102011
2721432915855526000000003011021102003
2721432915855527000000003793020072008
2721432915855601000000006023005082001
2721432915855606000000002722006082001
2721432915855622000000007073011082011
2721432915855622000000119273018101801
2721432915855643000000003182017082008
2721432915855655000000001183019082005
2721432915855753000000001663017092008
2721432915855773000000005993022092008
2721432915855780000000003373023092008
2721432915855790000000005793025092002
2721432915855805000000004483030092003
2721432915858033000000000863005102001
2721432915858109000000000673014102002
2721432915858113000000000733015102011
2721432915858141000000000251020102001
2721432915858162000000008483021072008
2721432915858192000000010733024072003
2721432915858202000000004933027072008
2721432915858313000000005153010082005
2721432915858335000000007223012082001
2721432915858369000000003132019082001
2721432915858369000000006973019082008
2721432915858395000000006202021082001
2721432915858405000000007583025082003
2721432915858422000000006153026082005
2721432915858439000000002281028082012
2721432915858507000000000283008092008
2721432915858598000000000573018062008
2721432915858601000000000503021092001
2721432915858642000000000251025092001
2721432915858657000000000513028092001
2721432915858658000000020712029062008
2721432915858685000000008043024121901
2721432915860013000000017603002102001
2721432915860023000000027243002102003
2721432915860033000000003963005102003
2721432915860033000000019083005102008
2721432915860043000000004713006102003
2721432915860043000000020183006102003
2721432915860067000000009972008102005
2721432915860067000000016683008102011
2721432915860067000000026363008102012
2721432915860097000000001913014102001
2721432915860097000000007911014102012
2721432915860097000000022563014102002
2721432915860099000000000692015102001
2721432915860101000000007331014072012
2721432915860109000000017773014102005
2721432915860109000000021963014102003
2721432915860109000000023823014102001
2721432915860111000000000932015102001
2721432915860114000000015993015102012
2721432915860114000000017103015102005
2721432915860126000000004671019102001
2721432915860126000000006181019102012
2721432915860126000000006512019102003
2721432915860126000000018923019102003
2721432915860130000000000693019102003
2721432915860136000000009901020102005
2721432915860136000000017782020102005
2721432915860148000000007381021102003
2721432915860153000000020533021072008
2721432915860153000000021193021072008
2721432915860184000000029263024072008
2721432915860204000000012353028072005
2721432915860247000000043963003082008
2721432915860249000000011263006052012
2721432915860265000000016263005082008
2721432915860282000000000241007082001
2721432915860287000000000743007082008
2721432915860317000000008592012082003
2721432915860330000000019493013082008
2721432915860340000000033502014082012
2721432915860348000000000403019082008
2721432915860360000000000303020082008
2721432915860377000000005643021082008
2721432915860390000000004913025082003
2721432915860390000000013593025082002
2721432915860408000000017883026082003
2721432915860420000000011702027082005
2721432915860420000000017373027082008
2721432915860420000000021283027082008
2721432915860429000000000853028082008
2721432915860430000000026333028082003
2721432915860433000000001733031082008
2721432915860439000000006311031082006
2721432915860441000000002323001092005
2721432915860448000000029853001092008
2721432915860455000000000153002092008
2721432915860455000000000373002092008
2721432915860456000000014623002092008
2721432915860469000000007412003092003
2721432915860472000000000863004092008
2721432915860477000000001803004092008
2721432915860479000000001673008092003
2721432915860479000000001683008092003
2721432915860509000000011583010092003
2721432915860513000000008991014092001
2721432915860513000000018872014092008
2721432915860527000000008562015092001
2721432915860527000000019213015092005
2721432915860527000000020473015092008
2721432915860527000000020503015092008
2721432915860527000000025063015092008
2721432915860532000000000383015092008
2721432915860532000000000413015092008
2721432915860538000000023853016092001
2721432915860538000000025913016092003
2721432915860538000000025943016092008
2721432915860538000000029813016092008
2721432915860538000000030243016092008
2721432915860538000000030443016092008
2721432915860549000000019293018092008
2721432915860549000000023903018092008
2721432915860556000000000333017092008
2721432915860556000000000373017092008
2721432915860556000000000493017092008
2721432915860561000000013893018092008
2721432915860561000000021953018092008
2721432915860561000000022003018092008
2721432915860561000000024913018092008
2721432915860561000000025553018092003
2721432915860562000000008002019062008
2721432915860566000000000773018092008
2721432915860566000000000923018092008
2721432915860566000000001393018092008
2721432915860569000000023963021092008
2721432915860579000000005601022092012
2721432915860579000000013893022092008
2721432915860580000000000833022092008
2721432915860585000000000163022092008
2721432915860585000000000353022092008
2721432915860585000000000553022092008
2721432915860585000000000843022092008
2721432915860590000000026183023092008
2721432915860595000000000483023092008
2721432915860595000000000493023092008
2721432915860600000000005891023092012
2721432915860603000000000061024092012
2721432915860604000000000283024092008
2721432915860604000000000713024092008
2721432915860604000000000733024092008
2721432915860615000000016563025092008
2721432915860620000000000513025092008
2721432915860629000000000343028092008
2721432915860641000000017883029092012
310000000243
