1290920200303
2721432915812348000000008873021052001
2721432915812463000000011743025062008
2721432915812550000000000023020072001
2721432915812568000000001273024072011
2721432915812571000000002022027072008
2721432915812572000000008723027072001
2721432915812592000000008443031072008
2721432915812593000000005703031072001
2721432915812612000000013933006082012
2721432915812618000000002133007082003
2721432915812622000000016383010082008
2721432915812631000000000481012082012
2721432915812634000000000893012082003
2721432915812637000000003943017082005
2721432915812638000000025833017082003
2721432915812640000000000043014082008
2721432915812647000000015333021082008
2721432915812649000000018553021082008
2721432915812649000000026983021082011
2721432915812665000000006272025082008
2721432915812665000000023603025082008
2721432915812665000000023613025082008
2721432915812688000000005243001092008
2721432915812690000000000871001092005
2721432915812695000000013533002092008
2721432915812695000000015333002092008
2721432915812695000000015873002092005
2721432915812696000000001743002092002
2721432915812701000000002193003092002
2721432915812709000000002263004092003
2721432915812717000000032963009092003
2721432915812727000000002333011092003
2721432915812728000000003911011092001
2721432915812728000000005212011092001
2721432915812728000000015723011092001
2721432915812728000000022253011092003
2721432915812730000000000053014092001
2721432915812734000000016632015092001
2721432915812737000000020053016092003
2721432915812741000000023853017092001
2721432915812741000000023863017092001
2721432915812741000000025833017092003
2721432915812746000000022783018092001
2721432915812746000000022793018092001
2721432915812746000000022913018092011
2721432915812755000000005653022092003
2721432915812760000000001963023092003
2721432915812766000000020903024092003
2721432915855483000000001373008042003
2721432915855543000000002353022072001
2721432915855606000000002972006082002
2721432915855627000000002043012082008
2721432915855665000000001952021082008
2721432915855665000000005523021082008
2721432915855667000000000103024082001
2721432915855675000000006363025082003
2721432915855686000000003653026082005
2721432915855687000000000963004062001
2721432915855691000000004753028082008
2721432915855701000000000351001092012
2721432915855701000000000902001092008
2721432915855745000000002393016092003
2721432915855747000000002153016092003
2721432915855752000000005273016092003
2721432915855770000000004023016032010
2721432915855773000000003013022092003
2721432915855773000000007212022092005
2721432915855790000000000281025092003
2721432915858243000000003882031072008
2721432915858369000000005973019082008
2721432915858395000000011923021082002
2721432915858422000000007053026082005
2721432915858439000000010213028082011
2721432915858440000000018113028082008
2721432915858470000000001953001092001
2721432915858503000000000463004092003
2721432915858505000000000993008092002
2721432915858513000000014263008092003
2721432915858513000000016353008092003
2721432915858545000000000953015092003
2721432915858611000000000243022092001
2721432915858677000000000953029062008
2721432915860013000000000453001072011
2721432915860067000000000323008072008
2721432915860083000000024923010072008
2721432915860121000000011412015072008
2721432915860173000000000733023072008
2721432915860182000000000583024072008
2721432915860182000000000603024072008
2721432915860204000000020253028072008
2721432915860213000000000283029072008
2721432915860247000000009743003082008
2721432915860248000000000803004082008
2721432915860263000000000681005082001
2721432915860269000000000223005082008
2721432915860275000000001873006082008
2721432915860282000000010642007082008
2721432915860285000000018203012052008
2721432915860287000000000233007082008
2721432915860293000000000153010082008
2721432915860297000000008842010082001
2721432915860297000000021643010082008
2721432915860306000000000373011082008
2721432915860308000000020433011082008
2721432915860308000000032503011082008
2721432915860317000000010892012082005
2721432915860317000000023473012082008
2721432915860337000000000943014082008
2721432915860340000000010972014082001
2721432915860340000000028533014082012
2721432915860340000000028983014082011
2721432915860340000000034063014082008
2721432915860343000000003833018082005
2721432915860348000000000143019082008
2721432915860348000000000153019082008
2721432915860351000000011153019082011
2721432915860360000000000643020082008
2721432915860362000000003643020082008
2721432915860362000000015943020082008
2721432915860371000000000143021082008
2721432915860377000000005183021082002
2721432915860377000000021813021082002
2721432915860381000000003243024082001
2721432915860381000000003923024082008
2721432915860390000000023453025082003
2721432915860391000000001803025082003
2721432915860417000000000243027082008
2721432915860420000000004623027082005
2721432915860423000000001222028082001
2721432915860429000000000183028082012
2721432915860430000000018643028082008
2721432915860430000000020783028082002
2721432915860430000000027123028082002
2721432915860430000000027133028082003
2721432915860436000000000563031082008
2721432915860439000000010172031082005
2721432915860439000000018363031082003
2721432915860439000000019583031082008
2721432915860439000000019593031082008
2721432915860439000000020283031082003
2721432915860448000000006423001092008
2721432915860448000000026563001092012
2721432915860448000000029253001092008
2721432915860456000000017913002092008
2721432915860486000000004373008092003
2721432915860486000000013863008092003
2721432915860503000000021633010092002
2721432915860509000000011513010092003
2721432915860509000000012673010092003
2721432915860513000000029343014092005
2721432915860527000000018953015092001
2721432915860538000000006173016092002
2721432915860538000000011412016092001
2721432915860538000000014052016092003
2721432915860538000000019533016092005
2721432915860538000000027573016092003
2721432915860549000000018343018092003
2721432915860549000000023943018092003
2721432915860561000000005931018092008
2721432915860561000000023983018092003
2721432915860569000000015873021092003
2721432915860569000000015883021092003
2721432915860569000000020813021092003
2721432915860569000000023453021092003
2721432915860579000000004691022092008
2721432915860579000000009352022092011
2721432915860579000000018563022092003
2721432915860580000000000743022092003
2721432915860585000000000823022092008
2721432915860590000000012932023092001
2721432915860600000000016553023092002
2721432915860610000000000303026062008
2721432915860620000000000142025092003
310000000173
