1071120200303
2721432915811852000000104413015012001
2721432915812030000000022833026022001
2721432915812464000000002663025062001
2721432915812483000000017073030062008
2721432915812539000000018913016072001
2721432915812547000000001272017072001
2721432915812562000000007562023072008
2721432915812582000000015903029072005
2721432915812608000000003023005082001
2721432915812633000000016143012082008
2721432915812639000000000221017082012
2721432915812647000000009833021082008
2721432915812663000000001982024082008
2721432915812665000000028063025082008
2721432915812676000000003453027082008
2721432915812680000000001921028082005
2721432915812685000000004621031082001
2721432915812685000000009822031082005
2721432915812693000000003073002092008
2721432915812695000000017013002092008
2721432915812704000000001772004092008
2721432915812708000000012473004092008
2721432915812711000000001472008092005
2721432915812724000000008323010092008
2721432915812735000000001231015092008
2721432915812737000000022063016092008
2721432915812746000000020023018092008
2721432915812748000000003363021092008
2721432915812755000000003893022092008
2721432915812755000000006253022092008
2721432915812757000000008572022092008
2721432915812757000000017923022092002
2721432915812761000000013513023092001
2721432915812766000000024193024092008
2721432915812770000000003353025092008
2721432915812775000000001542028092008
2721432915812786000000017813001102008
2721432915812786000000017873001102008
2721432915812786000000019873001102008
2721432915812792000000014413002102001
2721432915812797000000000882005102008
2721432915812801000000018253006102008
2721432915812811000000018653008102005
2721432915812816000000014213009102001
2721432915812817000000000472009102008
2721432915812819000000003653013102008
2721432915812826000000008312014102001
2721432915812831000000005632015102005
2721432915812831000000010353015102008
2721432915812837000000011123016102001
2721432915812837000000011163016102004
2721432915812837000000016893016102005
2721432915812844000000001321019102012
2721432915812845000000006993019102003
2721432915812850000000017703020102001
2721432915812854000000004463021102001
2721432915812855000000013972021102002
2721432915812855000000029503021102001
2721432915812861000000000642022102001
2721432915812867000000010903026102001
2721432915812867000000013423026102003
2721432915812869000000004523026102012
2721432915812869000000004943026102003
2721432915812869000000005023026102001
2721432915812873000000012663027102001
2721432915812876000000000221028102001
2721432915812878000000007893028102005
2721432915812878000000012673028102002
2721432915812879000000001753028102008
2721432915812880000000001533029102002
2721432915812882000000004253029102012
2721432915812883000000009592029102005
2721432915812883000000016903029102005
2721432915812885000000002883030102011
2721432915812886000000000083030102002
2721432915812888000000004552030102002
2721432915812888000000008173030102003
2721432915812888000000008983030102003
2721432915812892000000001742003112001
2721432915812894000000000151003112001
2721432915812895000000000011004112002
2721432915812896000000000161004112005
2721432915812898000000005241004112003
2721432915812898000000006031004112003
2721432915812898000000006091004112005
2721432915812898000000007352004112003
2721432915812898000000026173004112005
2721432915812902000000000561005112002
2721432915855461000000005613005102008
2721432915855471000000001692007102008
2721432915855471000000007033007102008
2721432915855473000000005323007072008
2721432915855491000000000773013102001
2721432915855495000000008463014102002
2721432915855514000000001923015072001
2721432915855526000000001801021102012
2721432915855547000000002083027102001
2721432915855551000000001253028102001
2721432915855551000000002643028102003
2721432915855557000000013053028102003
2721432915855557000000014773028102011
2721432915855557000000014923028102003
2721432915855557000000017313028102002
2721432915855557000000018073028102003
2721432915855557000000026013028102008
2721432915855563000000000872030102001
2721432915855568000000000841003112001
2721432915855568000000005463003112002
2721432915855568000000013241003112007
2721432915855568000000016133003112003
2721432915855568000000017883003112002
2721432915855568000000018283003112003
2721432915855568000000018823003112003
2721432915855571000000000031004112001
2721432915855571000000006273004112003
2721432915855571000000006343004112003
2721432915855590000000003843003082008
2721432915855622000000007373011082008
2721432915855632000000001421013082012
2721432915855655000000004763019082001
2721432915855686000000003783026082008
2721432915855753000000000893017092001
2721432915855759000000001733018092008
2721432915855795000000006583028092008
2721432915855799000000006393029092001
2721432915855805000000001182030092008
2721432915855811000000001733030092001
2721432915858039000000007973006072008
2721432915858039000000009843006072005
2721432915858053000000000333007102008
2721432915858059000000000093008102008
2721432915858207000000000713028102003
2721432915858238000000000592030102001
2721432915858260000000001163004112003
2721432915858350000000000353014082008
2721432915858369000000003232019082008
2721432915858395000000009933021082012
2721432915858405000000007153025082005
2721432915858407000000010003027052008
2721432915858439000000009353028082001
2721432915858440000000011153028082005
2721432915858505000000000923008092008
2721432915858567000000003422015062008
2721432915860010000000000803002102008
2721432915860013000000004223002102008
2721432915860020000000000233002102008
2721432915860020000000000483002102008
2721432915860023000000008771002102008
2721432915860023000000030433002102008
2721432915860023000000033003002102008
2721432915860028000000001033005102008
2721432915860033000000013943005102008
2721432915860033000000017433005102008
2721432915860040000000000613006102008
2721432915860043000000018183006102008
2721432915860043000000020193006102008
2721432915860043000000023833006102008
2721432915860043000000026183006102008
2721432915860043000000026653006102008
2721432915860065000000000213008102008
2721432915860067000000005973008102008
2721432915860067000000026133008102008
2721432915860067000000026173008102008
2721432915860067000000029733008102008
2721432915860075000000000403009102008
2721432915860075000000000613009102008
2721432915860085000000000973013102008
2721432915860094000000000143014102008
2721432915860097000000019253014102005
2721432915860109000000018033014102012
2721432915860114000000015273015102003
2721432915860126000000010102019102005
2721432915860148000000023663021102003
2721432915860165000000020083022102003
2721432915860176000000007832023102001
2721432915860176000000018933023102011
2721432915860176000000019893023102013
2721432915860176000000022263023102003
2721432915860187000000001743026102001
2721432915860193000000000303027072008
2721432915860196000000008972027102011
2721432915860198000000001133028102005
2721432915860214000000012173029072003
2721432915860220000000009042029102001
2721432915860220000000016933029102007
2721432915860220000000018683029102001
2721432915860220000000018803029102003
2721432915860220000000021422029102001
2721432915860220000000022223029102003
2721432915860228000000001003030102001
2721432915860228000000001673030102002
2721432915860230000000008921030102001
2721432915860230000000009321030102012
2721432915860230000000010791030102001
2721432915860230000000034313030102005
2721432915860230000000034473030102002
2721432915860230000000034613030102003
2721432915860230000000034943030102002
2721432915860230000000036203030102008
2721432915860230000000037203030102003
2721432915860230000000038073030102003
2721432915860230000000040953030102003
2721432915860240000000001971003112010
2721432915860240000000005843003112003
2721432915860240000000006483003112002
2721432915860240000000006633003112005
2721432915860243000000000271004112003
2721432915860250000000008171004112001
2721432915860256000000000373004082008
2721432915860270000000019793005082008
2721432915860278000000019573006082012
2721432915860278000000019803006082008
2721432915860278000000019903006082005
2721432915860340000000033283014082008
2721432915860351000000007622019082008
2721432915860377000000027553021082008
2721432915860381000000003413024082008
2721432915860408000000021353026082008
2721432915860420000000015703027082008
2721432915860429000000001183028082008
2721432915860430000000007991028082008
2721432915860430000000026253028082008
2721432915860441000000001883001092008
2721432915860448000000013472001092012
2721432915860469000000020733003092008
2721432915860469000000021543003092008
2721432915860480000000001533008092005
2721432915860503000000024463010092008
2721432915860513000000022423014092012
2721432915860513000000031223014092002
2721432915860527000000022963015092008
2721432915860538000000005483016092003
2721432915860538000000023113016092003
2721432915860538000000030463016092008
2721432915860549000000022053018092008
2721432915860549000000027413018092008
2721432915860549000000027543018092008
2721432915860561000000013443018092008
2721432915860561000000026043018092008
2721432915860566000000000533018092008
2721432915860569000000013473021092008
2721432915860569000000019103021092008
2721432915860585000000000213022092008
2721432915860595000000000093023092008
2721432915860600000000019453023092008
2721432915860615000000022263025092008
2721432915860620000000001263025092008
2721432915860620000000001393025092008
2721432915860635000000000733029092008
2721432915860638000000000093029092008
2721432915860641000000021713029092008
2721432915860648000000000813030092008
2721432915860649000000004193030092005
310000000253
