1061020200303
2721432915812131000000012693020032003
2721432915812355000000001223022052003
2721432915812484000000001813030062008
2721432915812494000000000921002072005
2721432915812572000000010203027072001
2721432915812596000000003343003082008
2721432915812607000000023593005082001
2721432915812622000000010112010082001
2721432915812628000000011473011082005
2721432915812633000000012293012082005
2721432915812633000000016563012082008
2721432915812633000000019253012082008
2721432915812638000000015472017082008
2721432915812642000000001513014082003
2721432915812643000000005192014082003
2721432915812647000000016583021082001
2721432915812647000000017633021082001
2721432915812649000000000601021082001
2721432915812649000000009752021082001
2721432915812649000000019583021082003
2721432915812649000000024773021082008
2721432915812651000000005252021082008
2721432915812656000000005563021082003
2721432915812658000000004673021082001
2721432915812663000000004563024082003
2721432915812665000000006382025082012
2721432915812665000000016133025082005
2721432915812665000000023153025082011
2721432915812665000000025583025082002
2721432915812673000000002563026082008
2721432915812679000000001172028082005
2721432915812680000000016203028082011
2721432915812693000000003303002092003
2721432915812695000000013593002092008
2721432915812695000000017253002092008
2721432915812708000000012623004092008
2721432915812711000000004203008092001
2721432915812711000000005283008092008
2721432915812713000000017373008092008
2721432915812717000000021433009092005
2721432915812717000000024003009092008
2721432915812718000000002122009092001
2721432915812722000000013573010092001
2721432915812728000000002361011092001
2721432915812734000000003281015092012
2721432915812734000000030773015092003
2721432915812741000000025913017092005
2721432915812746000000022623018092003
2721432915812746000000024183018092011
2721432915812746000000027083018092008
2721432915812748000000005433021092001
2721432915812755000000005323022092002
2721432915812757000000018423022092012
2721432915812776000000011793028092003
2721432915812780000000003693029092005
2721432915812781000000002233030092005
2721432915812781000000002243030092005
2721432915812781000000002253030092005
2721432915812781000000004673030092003
2721432915812781000000004743030092002
2721432915812781000000004883030092002
2721432915812786000000002561001102005
2721432915812786000000002571001102005
2721432915812786000000018473001102003
2721432915812787000000000451001102003
2721432915855454000000000081002102005
2721432915855583000000004383031072008
2721432915855643000000008623017082001
2721432915855648000000001643018082008
2721432915855655000000001913019082002
2721432915855675000000006343025082008
2721432915855680000000001332026082008
2721432915855680000000003113026082003
2721432915855686000000000692026082008
2721432915855691000000004903028082005
2721432915855691000000013503028082005
2721432915855701000000004003001092001
2721432915855745000000002683016092003
2721432915855747000000003523016092003
2721432915855752000000005323016092001
2721432915855759000000007173018092005
2721432915855766000000003363021092008
2721432915855773000000002793022092003
2721432915855773000000010493022092002
2721432915855788000000008873025092001
2721432915855795000000001423028092002
2721432915855795000000001903028092003
2721432915855799000000005973029092003
2721432915855799000000007003029092003
2721432915855805000000002403030092008
2721432915855805000000008523030092005
2721432915858085000000011423010072008
2721432915858145000000010313023101811
2721432915858162000000008333021072008
2721432915858248000000008053031072008
2721432915858315000000001623011082008
2721432915858328000000000553012082008
2721432915858335000000005953012082008
2721432915858384000000007053020082008
2721432915858422000000005933026082008
2721432915858436000000001221027082003
2721432915858440000000018533028082008
2721432915858444000000000083028082008
2721432915858449000000000483028082003
2721432915858485000000001273003092001
2721432915858485000000001283003092001
2721432915858499000000000353004092008
2721432915858513000000004941008092001
2721432915858513000000015463008092005
2721432915858513000000015873008092008
2721432915858513000000015983008092003
2721432915858524000000000273009092001
2721432915858535000000001793010062008
2721432915858579000000000141017032005
2721432915858579000000000151017032005
2721432915858582000000000443017092003
2721432915858657000000000463028092005
2721432915858658000000037593029062008
2721432915860013000000005751002102003
2721432915860023000000004961002102002
2721432915860081000000000603010072008
2721432915860133000000000593017072008
2721432915860133000000000603017072008
2721432915860143000000014623020072008
2721432915860174000000012993023072008
2721432915860193000000000153027072008
2721432915860214000000008993029072008
2721432915860243000000001703003082002
2721432915860246000000000463003082008
2721432915860247000000043363003082008
2721432915860277000000000813006082008
2721432915860282000000021123007082008
2721432915860282000000021273007082008
2721432915860282000000022563007082008
2721432915860282000000022573007082008
2721432915860317000000002143012082001
2721432915860330000000004023013082008
2721432915860330000000015403013082008
2721432915860340000000007011014082001
2721432915860340000000026223014082003
2721432915860340000000031193014082005
2721432915860340000000033983014082003
2721432915860351000000015313019082012
2721432915860362000000006522020082008
2721432915860371000000000683021082001
2721432915860377000000025153021082003
2721432915860377000000025783021082008
2721432915860377000000027752021082008
2721432915860377000000027943021082008
2721432915860377000000028813021082008
2721432915860377000000028823021082008
2721432915860377000000029003021082008
2721432915860384000000000163024082008
2721432915860384000000000393024082008
2721432915860390000000023253025082008
2721432915860390000000023563025082008
2721432915860390000000024323025082008
2721432915860390000000024463025082008
2721432915860390000000024523025082008
2721432915860398000000001223025082008
2721432915860408000000019743026082008
2721432915860420000000023603027082002
2721432915860429000000000373028082008
2721432915860429000000000893028082008
2721432915860429000000001213028082008
2721432915860430000000007261028082012
2721432915860430000000015623028082008
2721432915860430000000022983028082008
2721432915860430000000024783028082003
2721432915860430000000027173028082008
2721432915860430000000027363028082008
2721432915860433000000001993031082008
2721432915860436000000000253031082008
2721432915860439000000020593031082008
2721432915860445000000000143001092008
2721432915860448000000013992001092001
2721432915860448000000023643001092008
2721432915860448000000026003001092011
2721432915860456000000011903002092012
2721432915860456000000014103002092008
2721432915860456000000015193002092001
2721432915860469000000003903003092008
2721432915860469000000019123003092008
2721432915860469000000019833003092003
2721432915860469000000019943003092008
2721432915860469000000021263003092008
2721432915860469000000021283003092008
2721432915860472000000000513004092008
2721432915860472000000000533004092008
2721432915860477000000001973004092001
2721432915860477000000002723004092001
2721432915860486000000004053008092008
2721432915860486000000019723008092008
2721432915860494000000000973009092005
2721432915860503000000016073010092005
2721432915860503000000019153010092011
2721432915860513000000023373014092011
2721432915860513000000035363014092001
2721432915860532000000000273015092008
2721432915860538000000023813016092002
2721432915860561000000015523018092002
2721432915860561000000017533018092001
2721432915860569000000000071021092001
2721432915860569000000006981021092001
2721432915860572000000003502022062008
2721432915860579000000000131022092001
2721432915860579000000017403022092008
2721432915860582000000011723023062008
2721432915860590000000005033023092003
2721432915860590000000013813023092005
2721432915860590000000021823023092005
2721432915860600000000011463023092012
2721432915860600000000017113023092003
2721432915860600000000017273023092001
2721432915860615000000000101025092001
2721432915860615000000013363025092005
2721432915860615000000018263025092003
2721432915860615000000019523025092003
2721432915860615000000019783025092003
2721432915860615000000022073025092005
2721432915860620000000002193025092002
2721432915860624000000002823029062008
2721432915860629000000000893028092003
2721432915860629000000000923028092003
2721432915860629000000000933028092003
2721432915860641000000015923029092002
2721432915860641000000019193029092008
2721432915860641000000019673029092001
310000000228
