1110920200302
2721432915812186000000002323002042012
2721432915812319000000020603012052008
2721432915812333000000001463015052008
2721432915812483000000013273030062008
2721432915812498000000002803003072001
2721432915812529000000010562014072008
2721432915812533000000001432015072008
2721432915812543000000007532016072008
2721432915812548000000021633017072008
2721432915812557000000012323022072008
2721432915812578000000001432028072008
2721432915812582000000017293029072008
2721432915812582000000021463029072008
2721432915812591000000000862031072012
2721432915812591000000003153031072008
2721432915812592000000012103031072008
2721432915812592000000013093031072008
2721432915812597000000005063003082008
2721432915812601000000004693004082008
2721432915812607000000028413005082008
2721432915812612000000012643006082008
2721432915812638000000032073017082008
2721432915812643000000016003014082008
2721432915812665000000013393025082008
2721432915812665000000018143025082008
2721432915812665000000025423025082005
2721432915812672000000001033026082003
2721432915812688000000004603001092002
2721432915812694000000000993002092003
2721432915812695000000010673002092001
2721432915812700000000009972003092005
2721432915855479000000006783008072008
2721432915855543000000002013022072008
2721432915855570000000001182029072008
2721432915855578000000009252030072008
2721432915855590000000000452003082008
2721432915855643000000011883017082008
2721432915855707000000003803002092003
2721432915858070000000000233008072008
2721432915858073000000001493008072008
2721432915858169000000000363022072008
2721432915858270000000004223004082005
2721432915858270000000005353004082003
2721432915858275000000000373005082003
2721432915858280000000000523005082008
2721432915858306000000000633010082008
2721432915858309000000000163010082008
2721432915858313000000001393010082008
2721432915858323000000011403011082008
2721432915858335000000006273012082008
2721432915858335000000006283012082008
2721432915858335000000007673012082008
2721432915858335000000008163012082008
2721432915858335000000009373012082008
2721432915858346000000006743013082008
2721432915858350000000000603014082008
2721432915858360000000001903017082008
2721432915858384000000001981020082001
2721432915858427000000003073027052012
2721432915858439000000009703028082003
2721432915858470000000000423001092003
2721432915858470000000002113001092001
2721432915858512000000000311008092003
2721432915860049000000008862007072008
2721432915860100000000000713014072008
2721432915860111000000014833015072008
2721432915860133000000000813017072002
2721432915860133000000001503017072008
2721432915860140000000002103020072008
2721432915860184000000008663024072008
2721432915860184000000034873024072008
2721432915860194000000015763027072008
2721432915860204000000013193028072008
2721432915860204000000015123028072008
2721432915860204000000017283028072008
2721432915860204000000022073028072008
2721432915860204000000022303028072008
2721432915860214000000006122029072008
2721432915860236000000000973031072008
2721432915860236000000001023031072008
2721432915860236000000001033031072008
2721432915860237000000010603031072003
2721432915860247000000033433003082003
2721432915860247000000042903003082008
2721432915860247000000044033003082008
2721432915860254000000001403004082001
2721432915860257000000011013004082008
2721432915860265000000020623005082008
2721432915860282000000007692007082008
2721432915860282000000019073007082008
2721432915860282000000022023007082008
2721432915860297000000019383010082008
2721432915860306000000000183011082008
2721432915860308000000006053011082008
2721432915860308000000006693011082008
2721432915860308000000018973011082008
2721432915860308000000025503011082008
2721432915860317000000022153012082008
2721432915860317000000023823012082008
2721432915860330000000004163013082008
2721432915860332000000001183014082008
2721432915860337000000000203014082008
2721432915860337000000000423014082008
2721432915860340000000018873014082008
2721432915860340000000021583014082008
2721432915860340000000023223014082008
2721432915860340000000033833014082008
2721432915860377000000019903021082011
2721432915860377000000024033021082008
2721432915860391000000001573025082001
2721432915860430000000021623028082003
2721432915860430000000026603028082003
2721432915860439000000001002031082001
2721432915860456000000004493002092002
2721432915860456000000018333002092003
2721432915860461000000000843003092001
2721432915860550000000027223017062008
2721432915860624000000014813029062008
310000000118
