1270820200302
2721432915812145000000011793024032012
2721432915812290000000000962004052005
2721432915812343000000003323020052005
2721432915812363000000005242027052008
2721432915812426000000006372015062008
2721432915812438000000014953018062008
2721432915812443000000017583018062003
2721432915812445000000001613022062005
2721432915812508000000001482007072008
2721432915812509000000006912007072008
2721432915812522000000004663013072008
2721432915812577000000014242028072008
2721432915812577000000041433028072008
2721432915812581000000000641029072001
2721432915812591000000003913031072001
2721432915812592000000011503031072005
2721432915812592000000012883031072008
2721432915812596000000002853003082002
2721432915812612000000010763006082005
2721432915812634000000000823012082012
2721432915812638000000024053017082002
2721432915812638000000027783017082001
2721432915812643000000019523014082005
2721432915812649000000013392021082003
2721432915812649000000013542021082001
2721432915812649000000026893021082002
2721432915812649000000027013021082005
2721432915812658000000000732021082011
2721432915812658000000001802021082001
2721432915812663000000000872024082012
2721432915812665000000003221025082002
2721432915812665000000005671025082003
2721432915855462000000003393003072008
2721432915855554000000006192024072008
2721432915855583000000005453031072002
2721432915855583000000007473031072008
2721432915855627000000005793012082001
2721432915855643000000007603017082001
2721432915855655000000004033019082002
2721432915855665000000004093021082003
2721432915857754000000008853015042008
2721432915858049000000002191007072012
2721432915858085000000002853010072008
2721432915858119000000007053015072008
2721432915858135000000000313017072008
2721432915858162000000001213021072008
2721432915858180000000004213023072008
2721432915858198000000000172027072008
2721432915858214000000008133028072008
2721432915858220000000000813029072008
2721432915858220000000001123029072008
2721432915858254000000002543003082011
2721432915858266000000002092006052008
2721432915858298000000009373007082001
2721432915858323000000006882011082012
2721432915858395000000010383021082001
2721432915858404000000000503025052008
2721432915858407000000005613027052008
2721432915858499000000000413005062008
2721432915858586000000000453017062001
2721432915858614000000000172022062008
2721432915858614000000000182022062008
2721432915858658000000020202029062008
2721432915858676000000004383029062008
2721432915860083000000007261010072001
2721432915860089000000000602013072008
2721432915860111000000004093015072008
2721432915860133000000000062017072008
2721432915860133000000000843017072008
2721432915860133000000001513017072008
2721432915860140000000001853020072008
2721432915860143000000023043020072008
2721432915860153000000004953021072008
2721432915860162000000011953022072008
2721432915860174000000010523023072001
2721432915860182000000001053024072008
2721432915860184000000040653024072008
2721432915860193000000000583027072008
2721432915860194000000015403027072008
2721432915860204000000010342028072008
2721432915860204000000021003028072008
2721432915860214000000003173029072008
2721432915860214000000003483029072008
2721432915860223000000000263030072008
2721432915860236000000000223031072008
2721432915860236000000000273031072008
2721432915860237000000018613031072008
2721432915860247000000042612003082008
2721432915860270000000005941005082012
2721432915860278000000008542006082001
2721432915860278000000022593006082005
2721432915860287000000000793007082003
2721432915860335000000000973019052008
2721432915860340000000003233014082001
2721432915860345000000000603019082003
2721432915860345000000002123019082005
2721432915860357000000001253020082002
2721432915860357000000001693020082005
2721432915860377000000006961021082012
2721432915860381000000001161024082012
2721432915860395000000001023027052008
2721432915860532000000008032016062008
310000000102
