1151020200304
2721432915811877000000016423017012001
2721432915811982000000004643012022008
2721432915812534000000008813015072012
2721432915812539000000012273016072001
2721432915812592000000008103031072008
2721432915812607000000043933005082008
2721432915812612000000013323006082006
2721432915812617000000017553007082008
2721432915812622000000011292010082001
2721432915812627000000001822011082011
2721432915812628000000011043011082003
2721432915812628000000011683011082001
2721432915812628000000016683011082005
2721432915812638000000025233017082003
2721432915812643000000022273014082003
2721432915812649000000007272021082008
2721432915812656000000004443021082001
2721432915812657000000002893021082011
2721432915812657000000004223021082003
2721432915812658000000004113021082011
2721432915812660000000000521024082001
2721432915812661000000001653024082001
2721432915812665000000017153025082002
2721432915812665000000023053025082005
2721432915812671000000002403026082008
2721432915812678000000005333028082005
2721432915812686000000001803031082008
2721432915812690000000010952001092008
2721432915812690000000014713001092008
2721432915812690000000015473001092001
2721432915812691000000003063001092008
2721432915812693000000001622002092008
2721432915812695000000011013002092008
2721432915812708000000007622004092005
2721432915812708000000011983004092012
2721432915812713000000009402008092008
2721432915812713000000015413008092008
2721432915812717000000011832009092001
2721432915812717000000016652009092003
2721432915812724000000000331010092012
2721432915812727000000001373011092001
2721432915812727000000002283011092008
2721432915812731000000012553014092002
2721432915812734000000000721015092001
2721432915812734000000003191015092001
2721432915812734000000005631015092012
2721432915812734000000014062015092008
2721432915812734000000014842015092003
2721432915812734000000015482015092001
2721432915812734000000015862015092008
2721432915812734000000019673015092008
2721432915812734000000027323015092008
2721432915812734000000028333015092002
2721432915812734000000032993015092002
2721432915812735000000001131015092012
2721432915812735000000003592015092001
2721432915812735000000007843015092001
2721432915812746000000001991018092005
2721432915812746000000011382018092001
2721432915812748000000001162021092008
2721432915812751000000024423021092001
2721432915812752000000002453021092005
2721432915812755000000004963022092005
2721432915812757000000002961022092012
2721432915812757000000008672022092008
2721432915812757000000009792022092001
2721432915812758000000000301022092005
2721432915812766000000006302024092003
2721432915812771000000000511025092012
2721432915812771000000001091025092012
2721432915812771000000001441025092001
2721432915812771000000019183025092003
2721432915812772000000001842025092001
2721432915812772000000002212025092005
2721432915812775000000004103028092001
2721432915812775000000005203028092001
2721432915812792000000001971002102012
2721432915812796000000002011005102012
2721432915812796000000003391005102001
2721432915812796000000006572005102001
2721432915812796000000014653005102003
2721432915812801000000010032006102002
2721432915812801000000010552006102001
2721432915812801000000016423006102003
2721432915812801000000016953006102003
2721432915812801000000021883006102005
2721432915812801000000024293006102003
2721432915812801000000028873006102002
2721432915812803000000001102007102001
2721432915812806000000010973007102005
2721432915812806000000017683007102002
2721432915812810000000005163008102002
2721432915812810000000005693008102002
2721432915812810000000005703008102003
2721432915812811000000013023008102005
2721432915812812000000000532008102001
2721432915812812000000000942008102011
2721432915812816000000000981009102012
2721432915855461000000006812005102001
2721432915855461000000007633005102003
2721432915855467000000004503006102003
2721432915855469000000003123003072008
2721432915855471000000005412007102001
2721432915855471000000006173007102003
2721432915855471000000006943007102001
2721432915855473000000005653007072001
2721432915855476000000002983008102001
2721432915855483000000002073008042003
2721432915855590000000000612003082005
2721432915855622000000005843011082012
2721432915855622000000005963011082008
2721432915855622000000007093011082001
2721432915855632000000004033013082003
2721432915855655000000004353019082008
2721432915855665000000007022021082001
2721432915855680000000001002026082001
2721432915855691000000008253028082001
2721432915855701000000001692001092008
2721432915855701000000004613001092008
2721432915855701000000007013001092001
2721432915855706000000005923009062008
2721432915855707000000001551002092012
2721432915855745000000002663016092008
2721432915855752000000000512016092001
2721432915855759000000006383018092012
2721432915855759000000008283018092008
2721432915855790000000001843025092005
2721432915855795000000003001028092001
2721432915855799000000003263029092005
2721432915855799000000004582029092001
2721432915855805000000002843030092003
2721432915855805000000004283030092002
2721432915855811000000004072030092008
2721432915855811000000005273030092003
2721432915857754000000000083027072008
2721432915858036000000000592006102005
2721432915858043000000000913006102001
2721432915858225000000002562029072008
2721432915858231000000000413030072008
2721432915858270000000005073004082005
2721432915858357000000008543014082008
2721432915858357000000010253014082001
2721432915858397000000000051024082003
2721432915858397000000000061024082003
2721432915858398000000001233024082008
2721432915858405000000004552025082001
2721432915858422000000004482026082001
2721432915858422000000006443026082008
2721432915858422000000009143026082001
2721432915858422000000009723026082008
2721432915858439000000010243028082012
2721432915858439000000011603028082008
2721432915858440000000017943028082005
2721432915858440000000018941028082012
2721432915858449000000002463028082001
2721432915858513000000004703008062008
2721432915858513000000008622008092008
2721432915858546000000000331015092001
2721432915858572000000006773016032001
2721432915858648000000000213025092001
2721432915860010000000002443002102005
2721432915860010000000002663002102005
2721432915860013000000019023002102003
2721432915860020000000000253002102003
2721432915860023000000005843002102003
2721432915860023000000025783002102003
2721432915860023000000027263002102002
2721432915860023000000027553002102001
2721432915860033000000009022005102001
2721432915860035000000001423006102012
2721432915860039000000000221006102012
2721432915860043000000001783006102001
2721432915860043000000015663006102008
2721432915860043000000017843006102003
2721432915860043000000026693006102005
2721432915860056000000003451007102012
2721432915860067000000009592008102001
2721432915860067000000009822008102005
2721432915860067000000013502008102011
2721432915860067000000014673008102008
2721432915860067000000016703008102003
2721432915860121000000011792015072008
2721432915860215000000001273029072008
2721432915860236000000000943031072008
2721432915860246000000000483003082008
2721432915860247000000037383003082008
2721432915860265000000002123005082002
2721432915860270000000015873005082008
2721432915860270000000020453005082008
2721432915860278000000023903006082005
2721432915860302000000001173011082005
2721432915860306000000000303011082008
2721432915860330000000018353013082008
2721432915860330000000020363013082012
2721432915860340000000027003014082003
2721432915860340000000032083014082002
2721432915860340000000033893014082006
2721432915860360000000000373020082008
2721432915860377000000029283021082008
2721432915860390000000020643025082008
2721432915860408000000011523026082005
2721432915860420000000008732027082001
2721432915860420000000009362027082011
2721432915860420000000023873027082008
2721432915860429000000001023028082008
2721432915860429000000001353028082008
2721432915860430000000006811028082001
2721432915860430000000016513028082001
2721432915860430000000019253028082008
2721432915860430000000025483028082001
2721432915860430000000026233028082008
2721432915860430000000027503028082008
2721432915860439000000003303031082008
2721432915860439000000015513031082005
2721432915860439000000016623031082005
2721432915860439000000019133031082001
2721432915860445000000000543001092008
2721432915860448000000021943001092008
2721432915860448000000028223001092002
2721432915860448000000028893001092008
2721432915860456000000020083002092008
2721432915860469000000016773003092008
2721432915860469000000020812003092001
2721432915860469000000021573003092001
2721432915860484000000000343008092008
2721432915860486000000004801008092001
2721432915860503000000004492010092001
2721432915860503000000019593010092008
2721432915860503000000022773010092008
2721432915860508000000000642010092005
2721432915860509000000013033010092008
2721432915860509000000014303010092008
2721432915860509000000014863010092008
2721432915860509000000015253010092008
2721432915860513000000027583014092008
2721432915860513000000032383014092001
2721432915860513000000037153014092008
2721432915860527000000005393015092008
2721432915860527000000008512015092005
2721432915860527000000017393015092008
2721432915860527000000023893015092008
2721432915860527000000024613015092008
2721432915860527000000025553015092008
2721432915860527000000026063015092008
2721432915860527000000026483015092008
2721432915860529000000000843015092003
2721432915860532000000000073015092008
2721432915860538000000014742016092008
2721432915860540000000001093016092003
2721432915860544000000000383016092008
2721432915860549000000027123018092005
2721432915860556000000000293017092008
2721432915860556000000000463017092008
2721432915860556000000000623017092008
2721432915860561000000006401018092001
2721432915860561000000024933018092008
2721432915860569000000004823021092008
2721432915860579000000012303022092002
2721432915860579000000017683022092008
2721432915860592000000000822023092005
2721432915860600000000007162023092001
2721432915860615000000012063025092008
2721432915860624000000001803028092001
2721432915860633000000000223029092012
2721432915860641000000004363029092011
2721432915860641000000007572029092012
2721432915860649000000003503030092005
2721432915860649000000004801030092001
310000000268
