1251120200303
2721432915811789000000005463023121911
2721432915812007000000013723018022001
2721432915812137000000004183023032008
2721432915812140000000010253023032008
2721432915812448000000003503022062005
2721432915812493000000002783002072001
2721432915812508000000001672007072008
2721432915812509000000023643007072012
2721432915812577000000034863028072008
2721432915812647000000015763021082003
2721432915812649000000002411021082012
2721432915812649000000026423021082008
2721432915812657000000003913021082012
2721432915812660000000007372024082001
2721432915812695000000014633002092008
2721432915812709000000000612004092001
2721432915812713000000015443008092008
2721432915812713000000015953008092008
2721432915812728000000018833011092008
2721432915812732000000000843014092008
2721432915812745000000001152018092001
2721432915812751000000014003021092003
2721432915812751000000017173021092005
2721432915812776000000018473028092008
2721432915812801000000019203006102008
2721432915812811000000020643008102012
2721432915812830000000002873015102005
2721432915812832000000000693015102001
2721432915812837000000018353016102008
2721432915812841000000005673019102008
2721432915812842000000021613019102008
2721432915812844000000011813019102001
2721432915812845000000003742019102008
2721432915812851000000004113020102005
2721432915812854000000000571021102001
2721432915812855000000004311021102008
2721432915812855000000008762021102008
2721432915812860000000021403022102001
2721432915812864000000003603023102005
2721432915812864000000003803023102005
2721432915812874000000003133027102001
2721432915812882000000003843029102005
2721432915812882000000003893029102001
2721432915812888000000005563030102008
2721432915812891000000001113003112005
2721432915812899000000000181004112012
2721432915812899000000005623004112001
2721432915812909000000008362006112001
2721432915812909000000025353006112002
2721432915812913000000000902009112005
2721432915812914000000001833009112001
2721432915812915000000010702009112005
2721432915812916000000002893009112001
2721432915812917000000005783009112001
2721432915812918000000000842009112001
2721432915812918000000001723009112001
2721432915812922000000017293010112002
2721432915812922000000021133010112007
2721432915812935000000002493013112005
2721432915812935000000002723013112001
2721432915812937000000018493013112003
2721432915812937000000019143013112002
2721432915812939000000001752013112001
2721432915812939000000002773013112008
2721432915812942000000019323016112003
2721432915812942000000022713016112011
2721432915812942000000023093016112001
2721432915812942000000025613016112003
2721432915812943000000003193016112003
2721432915812943000000003613016112005
2721432915812943000000003743016112003
2721432915812943000000003753016112003
2721432915812943000000004133016112001
2721432915812948000000001623016112002
2721432915812951000000001333017112005
2721432915812952000000001981017112001
2721432915812952000000010352017112001
2721432915812952000000011073017112003
2721432915812952000000022393017112003
2721432915812955000000003583018112003
2721432915812956000000001083018112005
2721432915812957000000002021018112001
2721432915812957000000003882018112001
2721432915812957000000008823018112001
2721432915812957000000010013018112003
2721432915812957000000011843018112002
2721432915812957000000015693018112001
2721432915812958000000002093018112003
2721432915812960000000006033019112005
2721432915812960000000006253019112002
2721432915812961000000000261019112001
2721432915812962000000005142019112002
2721432915812962000000016653019112002
2721432915812964000000000171023112002
2721432915812967000000002651023112005
2721432915812967000000002911023112002
2721432915812967000000003571023112002
2721432915812967000000003791023112012
2721432915812967000000003801023112012
2721432915812967000000003991023112003
2721432915812967000000007831023112001
2721432915812967000000008021023112003
2721432915812967000000008311023112002
2721432915812967000000008621023112003
2721432915812967000000009421023112005
2721432915855471000000003243007102008
2721432915855492000000003033010072003
2721432915855495000000008413014102001
2721432915855506000000001623015102008
2721432915855513000000006313019102001
2721432915855513000000007803019102008
2721432915855520000000001372020102008
2721432915855521000000006403016012011
2721432915855526000000004582021102008
2721432915855526000000006903021102008
2721432915855532000000002793021102012
2721432915855532000000003213021102008
2721432915855532000000003233021102008
2721432915855551000000002543028102008
2721432915855551000000002773028102008
2721432915855557000000009733028102008
2721432915855557000000010383028102008
2721432915855557000000011903028102001
2721432915855557000000015573028102002
2721432915855557000000016293028102008
2721432915855557000000017373028102008
2721432915855568000000011633003112002
2721432915855573000000006643005112003
2721432915855580000000001231006112012
2721432915855591000000004403011112001
2721432915855591000000007303011112001
2721432915855596000000003433004082012
2721432915855600000000002473011112003
2721432915855600000000006883011112003
2721432915855600000000007123011112001
2721432915855607000000003273013112005
2721432915855607000000003643013112003
2721432915855607000000004831013112005
2721432915855607000000007883013112002
2721432915855612000000005523013112005
2721432915855612000000005653013112001
2721432915855618000000004903016112003
2721432915855618000000005143016112001
2721432915855622000000003293017112001
2721432915855622000000004353017112003
2721432915855622000000004493017112005
2721432915855626000000006733018112003
2721432915855626000000006873018112003
2721432915855626000000008033018112001
2721432915855626000000008453018112003
2721432915855635000000002771023112001
2721432915855635000000003001023112012
2721432915855643000000003983017082001
2721432915855675000000002663025082012
2721432915855778000000000842023092003
2721432915855790000000002143025092012
2721432915858042000000000563006102008
2721432915858062000000000681008102008
2721432915858168000000000412022102008
2721432915858180000000000613023102008
2721432915858202000000000403027102008
2721432915858202000000000413027102008
2721432915858243000000007063031072001
2721432915858248000000008233031072008
2721432915858316000000000243009112011
2721432915858336000000000133013112001
2721432915858336000000000143013112001
2721432915858360000000001993017082008
2721432915858370000000000522018112005
2721432915858370000000000983018112012
2721432915858375000000000123018112003
2721432915858398000000001213024082001
2721432915858439000000002181028082001
2721432915858564000000000313016092008
2721432915858594000000004763018032005
2721432915860033000000017023005102008
2721432915860043000000005513006102008
2721432915860043000000017783006102008
2721432915860043000000020943006102008
2721432915860043000000023283006102008
2721432915860043000000023313006102008
2721432915860043000000026833006102008
2721432915860053000000000403007102008
2721432915860065000000000693008102008
2721432915860065000000001223008102008
2721432915860075000000001553009102008
2721432915860076000000000151009102005
2721432915860083000000024633010072003
2721432915860097000000005153014102005
2721432915860097000000010592014102008
2721432915860097000000022643014102008
2721432915860097000000023223014102008
2721432915860097000000026343014102008
2721432915860097000000026603014102008
2721432915860107000000000153014102008
2721432915860109000000014553014102008
2721432915860114000000014913015102008
2721432915860130000000001323019102008
2721432915860136000000002953020102005
2721432915860136000000009021020102008
2721432915860136000000012163020042008
2721432915860136000000020713020102003
2721432915860136000000021603020102008
2721432915860136000000021613020102008
2721432915860136000000033023020102008
2721432915860136000000037263020102008
2721432915860136000000037413020102008
2721432915860136000000037753020102008
2721432915860148000000024713021102008
2721432915860152000000000663021102008
2721432915860163000000001053022102008
2721432915860168000000001963023102008
2721432915860173000000001113023102008
2721432915860173000000001183023102008
2721432915860173000000001293023102003
2721432915860173000000001303023102008
2721432915860173000000001423023102008
2721432915860174000000010653023072011
2721432915860176000000020423023102008
2721432915860179000000001593026102008
2721432915860184000000000333026102008
2721432915860184000000000542026102008
2721432915860187000000016763026102008
2721432915860187000000016773026102008
2721432915860195000000000103027102008
2721432915860196000000004463027102008
2721432915860196000000013553027102008
2721432915860196000000020693027102008
2721432915860196000000020703027102008
2721432915860196000000020713027102008
2721432915860196000000020723027102008
2721432915860196000000020843027102008
2721432915860196000000023743027102008
2721432915860196000000023813027102008
2721432915860206000000000103028102008
2721432915860206000000000133028102008
2721432915860206000000000183028102008
2721432915860208000000002243028102001
2721432915860208000000006082028102008
2721432915860208000000009143028102008
2721432915860220000000013033029102008
2721432915860220000000021563029102003
2721432915860220000000022023029102008
2721432915860230000000001592030102001
2721432915860230000000001602030102001
2721432915860230000000001612030102001
2721432915860230000000023303030102008
2721432915860250000000036273004112003
2721432915860262000000009393005112003
2721432915860269000000000862006112001
2721432915860269000000029463006112011
2721432915860275000000000323006112008
2721432915860297000000009842010082008
2721432915860305000000000163009112003
2721432915860305000000000283009112008
2721432915860311000000000833012082005
2721432915860314000000021033011112005
2721432915860314000000023853011112011
2721432915860314000000024153011112003
2721432915860317000000002053012082008
2721432915860318000000000443012082008
2721432915860321000000000483013112001
2721432915860329000000001283013112001
2721432915860332000000000883016112008
2721432915860334000000000283016112002
2721432915860337000000001213014082008
2721432915860337000000007491016112001
2721432915860337000000015053016112005
2721432915860337000000015763016112011
2721432915860337000000023953016112001
2721432915860339000000001123016112003
2721432915860341000000000222017112001
2721432915860341000000000383017112005
2721432915860345000000000323017112001
2721432915860345000000000551017112001
2721432915860349000000000622017112001
2721432915860349000000003382017112002
2721432915860349000000014683017112005
2721432915860349000000017803017112011
2721432915860354000000000303018112003
2721432915860355000000001083018112001
2721432915860359000000003253018112001
2721432915860359000000006143018112002
2721432915860359000000020273018112005
2721432915860359000000022323018112001
2721432915860359000000023713018112003
2721432915860369000000002512018112001
2721432915860369000000023162018112001
2721432915860369000000028442018112011
2721432915860369000000033752018112001
2721432915860369000000035852018112005
2721432915860369000000041023018112003
2721432915860369000000042783018112001
2721432915860369000000043483018112005
2721432915860369000000044693018112011
2721432915860369000000046493018112011
2721432915860369000000048413018112002
2721432915860369000000049053018112003
2721432915860369000000049443018112003
2721432915860369000000052143018112003
2721432915860369000000054053018112003
2721432915860369000000056243018112005
2721432915860369000000060383018112003
2721432915860369000000063203018112002
2721432915860369000000063213018112002
2721432915860369000000064213018112005
2721432915860369000000066203018112005
2721432915860369000000066293018112003
2721432915860369000000067453018112002
2721432915860369000000067463018112002
2721432915860369000000069883018112003
2721432915860369000000071233018112003
2721432915860369000000071453018112003
2721432915860369000000073573018112003
2721432915860374000000000861023112005
2721432915860380000000008321023112005
2721432915860380000000008691023112001
2721432915860380000000011651023112003
2721432915860390000000017843025082008
2721432915860398000000000253025082001
2721432915860430000000024003028082008
2721432915860439000000017083031082008
2721432915860444000000017613004032008
2721432915860472000000001713004092008
2721432915860486000000017943008092008
2721432915860486000000020173008092008
2721432915860494000000001083009092008
2721432915860509000000005652010092008
2721432915860522000000000333014092005
2721432915860538000000010452016092001
2721432915860538000000026473016092008
2721432915860600000000016343023092012
2721432915860604000000000693024092008
2721432915860620000000001553025092008
2721432915860641000000013573029092008
310000000335
