1180920200303
2721432915812499000000009322003072005
2721432915812499000000019093003072008
2721432915812514000000012913008072008
2721432915812552000000001482020072008
2721432915812565000000000063024072008
2721432915812614000000001243006082008
2721432915812622000000022603010082008
2721432915812627000000000912011082003
2721432915812632000000004323012082008
2721432915812638000000022813017082008
2721432915812638000000029123017082008
2721432915812645000000000063024082001
2721432915812647000000002221021082005
2721432915812650000000002863021082002
2721432915812680000000016143028082005
2721432915812690000000020063001092001
2721432915812693000000002193002092010
2721432915812708000000008432004092001
2721432915812713000000018303008092011
2721432915812717000000013402009092005
2721432915812722000000016393010092001
2721432915812728000000010922011092001
2721432915812737000000001151016092012
2721432915855590000000004273003082008
2721432915855601000000002453005082008
2721432915855643000000005073017082008
2721432915855643000000006193017082008
2721432915855648000000003783018082001
2721432915855665000000003143021082008
2721432915855665000000008883021082008
2721432915858008000000005892001072001
2721432915858049000000001603007072008
2721432915858119000000005403015072008
2721432915858127000000007283015072008
2721432915858167000000000112022072008
2721432915858208000000000033028072008
2721432915858214000000005633028072008
2721432915858219000000000332029072008
2721432915858243000000003842031072001
2721432915858298000000009613007082008
2721432915858309000000000273010082008
2721432915858313000000004052010082008
2721432915858315000000001643011082008
2721432915858323000000012233011082003
2721432915858360000000000963017082008
2721432915858384000000003492020082008
2721432915858384000000006783020082008
2721432915858405000000008503025082012
2721432915858440000000011913028082003
2721432915858440000000019563028082003
2721432915858505000000000491008092012
2721432915858513000000014493008092003
2721432915858522000000000863010092005
2721432915858532000000000973011092003
2721432915858541000000000181014092007
2721432915860039000000032033006072008
2721432915860050000000014153007042008
2721432915860088000000000773013072008
2721432915860121000000020193015072008
2721432915860149000000001603021072008
2721432915860162000000004802022072008
2721432915860265000000004162005082008
2721432915860277000000000823006082008
2721432915860282000000007342007082008
2721432915860282000000016223007082008
2721432915860282000000021703007082008
2721432915860282000000022653007082008
2721432915860282000000022703007082008
2721432915860282000000022713007082008
2721432915860284000000000123007082008
2721432915860288000000004723011022008
2721432915860297000000019933010082008
2721432915860308000000022153011082005
2721432915860308000000025013011082008
2721432915860308000000028003011082008
2721432915860317000000023033012082008
2721432915860329000000000473013082008
2721432915860330000000017833013082005
2721432915860340000000031003014082008
2721432915860340000000032383014082008
2721432915860340000000033492014082008
2721432915860351000000012333019082008
2721432915860360000000000533020082008
2721432915860368000000000883022052008
2721432915860371000000000583021082008
2721432915860377000000027583021082001
2721432915860390000000011112025082008
2721432915860408000000021013026082003
2721432915860430000000026263028082003
2721432915860439000000019713031082001
2721432915860448000000020963001092008
2721432915860456000000018553002092003
2721432915860461000000003053003092003
2721432915860469000000017963003092005
2721432915860503000000001683010092001
2721432915860503000000017903010092005
2721432915860513000000021733014092003
2721432915860513000000033693014092003
2721432915860538000000008671016092003
2721432915860550000000016133017062001
310000000100
