1290820200302
2721432915812139000000014412023032008
2721432915812354000000010373022052008
2721432915812388000000011153002062008
2721432915812416000000015473010062008
2721432915812529000000008102014072008
2721432915812534000000004752015072008
2721432915812548000000020303017072008
2721432915812557000000017383022072008
2721432915812562000000004622023072008
2721432915812562000000004632023072008
2721432915812562000000013463023072003
2721432915812568000000000632024072008
2721432915812572000000002341027072008
2721432915812577000000015322028072008
2721432915812587000000004612030072008
2721432915812591000000003203031072008
2721432915812591000000003213031072008
2721432915812593000000001992031072008
2721432915812596000000003443003082008
2721432915812596000000003453003082008
2721432915812596000000004733003082008
2721432915812601000000003533004082008
2721432915812606000000001632005082001
2721432915812628000000009162011082001
2721432915812628000000013003011082002
2721432915812643000000022323014082001
2721432915812649000000026753021082003
2721432915812649000000028063021082005
2721432915812651000000004862021082001
2721432915812655000000001553021082011
2721432915812658000000003523021082011
2721432915812658000000004103021082002
2721432915812660000000012303024082008
2721432915812660000000012513024082011
2721432915812661000000001082024082003
2721432915812665000000014153025082001
2721432915855455000000003443001072001
2721432915855469000000003583003072008
2721432915855566000000004343028072008
2721432915855578000000005773030072008
2721432915855578000000007363030072008
2721432915855578000000009892030072001
2721432915855596000000007123004082008
2721432915855611000000003883007082001
2721432915855643000000007553017082001
2721432915855706000000002483009062001
2721432915857754000000008843015042008
2721432915858192000000003413024072008
2721432915858220000000000843029072008
2721432915858248000000001741031072008
2721432915858248000000007813031072008
2721432915858270000000001043004082005
2721432915858282000000001763005082008
2721432915858384000000004033020082005
2721432915858395000000006082021082001
2721432915858395000000010123021082003
2721432915858422000000002011026082001
2721432915858513000000002182008062008
2721432915858533000000002883010062008
2721432915860008000000003643001072008
2721432915860022000000001033002072011
2721432915860031000000007172003042008
2721432915860049000000011162007072008
2721432915860064000000083533010012008
2721432915860093000000013933013072008
2721432915860133000000001133017072008
2721432915860143000000020463020072008
2721432915860153000000007422021072008
2721432915860182000000000863024072008
2721432915860184000000034263024072008
2721432915860184000000037013024072002
2721432915860184000000040703024072008
2721432915860194000000015863027072008
2721432915860194000000020343027072008
2721432915860204000000018703028072008
2721432915860223000000000513030072008
2721432915860236000000000333031072008
2721432915860247000000015962003082008
2721432915860247000000042823003082008
2721432915860247000000043063003082008
2721432915860265000000008542005082012
2721432915860265000000012223005082008
2721432915860270000000011733005082008
2721432915860270000000019213005082008
2721432915860278000000002153006082011
2721432915860278000000018683006082003
2721432915860278000000025472006082001
2721432915860308000000013272011082001
2721432915860317000000020743012082012
2721432915860337000000000213014082003
2721432915860340000000005453014082012
2721432915860340000000009641014082005
2721432915860340000000009651014082005
2721432915860340000000009661014082005
2721432915860340000000027123014082005
2721432915860351000000015833019082001
2721432915860356000000000923020082003
2721432915860362000000018383020082002
2721432915860362000000018483020082002
2721432915860377000000023403021082005
2721432915860377000000027923021082003
2721432915860391000000000571025082001
2721432915860420000000006151027082005
2721432915860420000000006161027082005
2721432915860550000000026923017062008
310000000105
