1140820200304
2721432915812157000000015433026032008
2721432915812234000000015503015042003
2721432915812310000000004052011052001
2721432915812339000000010553019052005
2721432915812383000000017453001062005
2721432915812416000000010913010062008
2721432915812417000000000563010062001
2721432915812428000000001482015062001
2721432915812450000000009452023062008
2721432915812450000000012603023062008
2721432915812450000000014773023062008
2721432915812451000000003023023062008
2721432915812472000000000311026062012
2721432915812478000000011393029062001
2721432915812483000000003021030062012
2721432915812483000000003031030062012
2721432915812489000000014613001072008
2721432915812498000000000721003072001
2721432915812498000000002263003072001
2721432915812503000000003563006072008
2721432915812504000000003782006072001
2721432915812509000000013032007072011
2721432915812515000000000833008072008
2721432915812522000000003783013072001
2721432915812523000000012593013072008
2721432915812523000000017373013072008
2721432915812529000000023993014072008
2721432915812534000000014963015072005
2721432915812539000000015093016072012
2721432915812539000000017613016072005
2721432915812543000000013063016072005
2721432915812548000000017203017072008
2721432915812555000000004343021072008
2721432915812558000000001443022072005
2721432915812566000000000871024072001
2721432915812571000000004293027072005
2721432915812582000000014893029072001
2721432915812586000000000812030072005
2721432915812586000000003493030072001
2721432915812587000000001421030072001
2721432915812587000000019753030072005
2721432915812592000000001781031072005
2721432915812593000000005373031072001
2721432915812597000000005713003082005
2721432915812597000000006313003082002
2721432915812607000000005391005082005
2721432915812607000000009302005082005
2721432915812607000000037823005082001
2721432915812611000000003893006082002
2721432915812613000000000543006082001
2721432915812616000000003233007082003
2721432915812617000000011893007082001
2721432915812617000000019373007082011
2721432915812617000000019513007082003
2721432915812618000000002003007082002
2721432915812620000000001573010082003
2721432915812622000000004061010082001
2721432915812622000000004821010082005
2721432915812622000000009832010082001
2721432915812622000000014273010082001
2721432915812622000000015693010082003
2721432915812622000000022143010082005
2721432915812623000000001743010082003
2721432915812628000000000371011082001
2721432915812628000000003111011082005
2721432915812629000000000611011082005
2721432915812631000000000291012082002
2721432915812633000000000151012082003
2721432915829280000000005813012121705
2721432915855450000000005963001042005
2721432915855455000000005983001072008
2721432915855462000000000371003072012
2721432915855473000000007841007072001
2721432915855479000000003013008072008
2721432915855503000000000162013072008
2721432915855503000000000172013072008
2721432915855510000000004313014072008
2721432915855578000000005243030072001
2721432915855596000000002153004082001
2721432915855601000000002483005082002
2721432915855611000000006543007082003
2721432915855627000000000571012082003
2721432915855627000000000621012082003
2721432915855720000000003953015062008
2721432915855787000000007243030062008
2721432915856068000000008363009031805
2721432915857754000000002383015042008
2721432915857754000000008893015042008
2721432915857754000000008923015042008
2721432915857754000000008943015042008
2721432915858007000000002273001042012
2721432915858028000000001352003072005
2721432915858039000000011243006072001
2721432915858049000000007523007072008
2721432915858073000000004012008072001
2721432915858086000000000802010072008
2721432915858129000000000363016072008
2721432915858162000000006193021072008
2721432915858190000000001323024072005
2721432915858198000000000271027072005
2721432915858224000000000583029072001
2721432915858225000000000483029072001
2721432915858225000000004833029072005
2721432915858243000000007073031072001
2721432915858248000000002612031072001
2721432915858264000000000173004082005
2721432915858264000000000183004082005
2721432915858265000000000171004082001
2721432915858270000000004983004082005
2721432915858270000000005823004082012
2721432915858282000000003702005082012
2721432915858282000000008003005082011
2721432915858282000000008763005082001
2721432915858294000000000052007082005
2721432915858298000000001693007082003
2721432915858298000000002121007082001
2721432915858298000000004772007082005
2721432915858298000000008303007082003
2721432915858300000000002053011052008
2721432915858306000000000613010082002
2721432915858312000000000873010082003
2721432915858313000000000212010082001
2721432915858313000000001881010082012
2721432915858313000000006823010082002
2721432915858323000000003551011082003
2721432915858482000000002193003062005
2721432915858517000000000913008062008
2721432915858517000000001043008062008
2721432915858651000000006533024062008
2721432915858666000000000373026062001
2721432915858689000000003493030062003
2721432915860009000000001053001072001
2721432915860017000000016043001042008
2721432915860018000000007251001072001
2721432915860018000000012952001072008
2721432915860025000000001283003072008
2721432915860029000000007363003072008
2721432915860035000000000443006072008
2721432915860039000000006073006072002
2721432915860040000000001883006072008
2721432915860049000000018803007072008
2721432915860057000000000363008072008
2721432915860067000000000193008072008
2721432915860067000000000383008072008
2721432915860067000000000893008072008
2721432915860071000000016753008072008
2721432915860071000000016993008072008
2721432915860074000000000773009072008
2721432915860081000000000983010072008
2721432915860083000000017423010072008
2721432915860083000000025003010072008
2721432915860093000000005712013072008
2721432915860095000000001223013072008
2721432915860101000000012642014072008
2721432915860101000000022683014072008
2721432915860101000000024303014072008
2721432915860107000000000963015072008
2721432915860111000000013823015072011
2721432915860111000000014453015072008
2721432915860111000000017183015072002
2721432915860115000000000193015072008
2721432915860115000000000503015072008
2721432915860124000000000062016072005
2721432915860126000000024013017042005
2721432915860133000000000143017072008
2721432915860133000000001693017072008
2721432915860142000000000113020072008
2721432915860153000000017783021072012
2721432915860155000000000383022072003
2721432915860184000000008853024072003
2721432915860184000000010423024072008
2721432915860184000000036653024072005
2721432915860194000000020193027072001
2721432915860204000000008822028072001
2721432915860213000000000533029072002
2721432915860214000000012783029072003
2721432915860215000000001493029072001
2721432915860238000000000602003082003
2721432915860247000000021432003082011
2721432915860247000000031863003082003
2721432915860247000000033753003082003
2721432915860247000000036653003082005
2721432915860247000000042552003082005
2721432915860257000000013703004082005
2721432915860265000000017733008052005
2721432915860265000000018413005082003
2721432915860265000000018883005082003
2721432915860266000000001263005082005
2721432915860270000000011473005082012
2721432915860278000000011472006082001
2721432915860278000000015103006082005
2721432915860278000000019833006082001
2721432915860278000000020653006082003
2721432915860278000000020873006082002
2721432915860278000000021303006082001
2721432915860278000000021533006082001
2721432915860278000000022163006082002
2721432915860278000000022373006082012
2721432915860278000000024243006082003
2721432915860282000000006471007082001
2721432915860282000000012403007082001
2721432915860282000000015143007082005
2721432915860282000000017343007082003
2721432915860282000000017913007082001
2721432915860282000000019803007082002
2721432915860282000000019973007082003
2721432915860293000000000083010082003
2721432915860297000000011853010082001
2721432915860297000000019663010082005
2721432915860297000000019993010082003
2721432915860308000000010902011082005
2721432915860308000000013422011082005
2721432915860308000000016342011082003
2721432915860325000000014693018052008
2721432915860476000000012063008062005
2721432915860499000000017003010062008
2721432915860499000000019403010062008
2721432915860516000000000283015062008
2721432915860522000000023273015062008
2721432915860562000000015993019062005
2721432915860572000000016583022062008
2721432915860588000000000223024062008
2721432915860602000000018983024062008
2721432915860614000000005203026062008
2721432915860614000000018183026062005
2721432915860620000000000333029062008
2721432915860620000000000373029062008
2721432915860625000000021223027032008
2721432915860629000000000073030062008
2721432915860629000000000473030062008
310000000230
