1260920200302
2721432915812079000000013913009032001
2721432915812284000000002513030042008
2721432915812363000000013493027052008
2721432915812577000000018592028072001
2721432915812638000000033143017082001
2721432915812643000000007932014082011
2721432915812643000000015573014082008
2721432915812648000000001902021082005
2721432915812665000000022803025082005
2721432915812700000000020333003092003
2721432915812708000000016043004092005
2721432915812712000000000153008092001
2721432915812720000000000732010092003
2721432915812728000000000711011092001
2721432915812734000000031303015092005
2721432915812734000000031773015092003
2721432915812737000000018663016092011
2721432915812737000000021823016092005
2721432915812737000000023083016092003
2721432915812741000000024313017092012
2721432915812745000000000651018092001
2721432915812746000000012272018092008
2721432915812746000000022853018092003
2721432915812751000000022583021092011
2721432915812752000000001272021092001
2721432915855479000000005162008072008
2721432915855566000000001582028072008
2721432915855578000000011343030072008
2721432915855593000000000092004082008
2721432915855632000000002542013082008
2721432915855680000000007863026082008
2721432915855745000000005763016092003
2721432915855747000000003713016092002
2721432915855752000000000892016092001
2721432915855780000000000651023092005
2721432915855867000000001633023121908
2721432915858313000000007303010082008
2721432915858313000000007403010082008
2721432915858315000000002123011082005
2721432915858335000000007063012082001
2721432915858362000000000273019082008
2721432915858405000000008663025082008
2721432915858440000000016243028082001
2721432915858522000000000633010092002
2721432915858527000000000673010092003
2721432915860093000000014093013072008
2721432915860143000000018213020072008
2721432915860184000000021432024072001
2721432915860184000000026323024072008
2721432915860184000000044483024072008
2721432915860194000000009932027072008
2721432915860194000000020213027072008
2721432915860204000000014333028072008
2721432915860247000000043663003082008
2721432915860297000000014063010082008
2721432915860308000000029543011082008
2721432915860340000000018483014082008
2721432915860340000000026663014082001
2721432915860345000000001733019082008
2721432915860345000000001743019082008
2721432915860345000000001753019082008
2721432915860351000000015703019082008
2721432915860360000000000433020082008
2721432915860377000000024603021082008
2721432915860377000000028063021082008
2721432915860381000000003453024082008
2721432915860381000000003473024082008
2721432915860381000000003483024082008
2721432915860381000000003493024082008
2721432915860384000000000103024082008
2721432915860384000000000173024082008
2721432915860390000000013263025082005
2721432915860392000000000263025082008
2721432915860399000000001743026082008
2721432915860399000000001813026082008
2721432915860399000000001823026082008
2721432915860403000000000373026082008
2721432915860406000000000641026082001
2721432915860406000000000651026082001
2721432915860472000000002263004092003
2721432915860477000000002513004092005
2721432915860499000000021523010062003
2721432915860503000000005531010092003
2721432915860503000000024993010092003
2721432915860527000000005423015092003
2721432915860538000000006053016092005
2721432915860538000000029923016092011
2721432915860544000000001213016092003
2721432915860549000000023693018092002
2721432915860550000000022413017062008
2721432915860552000000000673017092003
2721432915860579000000011033022092003
2721432915860602000000018953024062008
310000000093
