1110820200304
2721432915812103000000016733013032005
2721432915812281000000010973029042008
2721432915812329000000010453014052003
2721432915812339000000017513019052008
2721432915812386000000002013002062003
2721432915812388000000004062002062001
2721432915812409000000002873008062001
2721432915812426000000019483015062001
2721432915812432000000019953016062008
2721432915812437000000003143017062008
2721432915812488000000003273001072008
2721432915812499000000024083003072008
2721432915812504000000002082006072008
2721432915812504000000003072006072008
2721432915812509000000024863007072008
2721432915812510000000002292007072008
2721432915812514000000018173008072005
2721432915812522000000005393013072008
2721432915812523000000016993013072001
2721432915812535000000001023015072001
2721432915812538000000003623016072008
2721432915812540000000000362016072008
2721432915812543000000005472016072008
2721432915812543000000013083016072008
2721432915812548000000016383017072008
2721432915812548000000020703017072001
2721432915812557000000007792022072005
2721432915812558000000000482022072001
2721432915812561000000000962023072005
2721432915812566000000000521024072005
2721432915812566000000004143024072001
2721432915812567000000008573024072008
2721432915812572000000005732027072001
2721432915812576000000000051028072001
2721432915812576000000000981028072012
2721432915812576000000002553028072001
2721432915812576000000002563028072001
2721432915812577000000010852028072003
2721432915812577000000043213028072003
2721432915812581000000003713029072005
2721432915812586000000000772030072002
2721432915812586000000004153030072001
2721432915812587000000000931030072012
2721432915812587000000004742030072005
2721432915812587000000007742030072005
2721432915812587000000012273030072005
2721432915812587000000013633030072005
2721432915812592000000010753031072003
2721432915812592000000011843031072002
2721432915812593000000001922031072005
2721432915812597000000005623003082003
2721432915812601000000000541004082001
2721432915812602000000000651004082001
2721432915812602000000017263004082003
2721432915812602000000019073004082011
2721432915812602000000019083004082011
2721432915812602000000019093004082011
2721432915812602000530048751004082301
2721432915812607000000000061005082001
2721432915812607000000023633005082003
2721432915812607000000025003005082005
2721432915812607000000036003005082003
2721432915812607000000037743005082003
2721432915812609000000001313005082003
2721432915812609000000001323005082011
2721432915812612000000000781006082001
2721432915812612000000007492006082007
2721432915812612000000009212006082003
2721432915812614000000000331006082005
2721432915855462000000000552003072008
2721432915855473000000008101007072008
2721432915855492000000000372010072001
2721432915855492000000003053010072008
2721432915855506000000002213013072011
2721432915855510000000001913014072008
2721432915855510000000004503014072008
2721432915855514000000000962015072008
2721432915855536000000005323021072003
2721432915855554000000004553024072012
2721432915855561000000001143027072008
2721432915855566000000004543028072005
2721432915855578000000003232030072001
2721432915855578000000003282030072001
2721432915855583000000001422031072001
2721432915855583000000002502031072001
2721432915855583000000005003031072003
2721432915855590000000003172003082001
2721432915855596000000000701004082012
2721432915855596000000003843004082003
2721432915855601000000003911005082001
2721432915855601000000004852005082001
2721432915855601000000005593005082008
2721432915855606000000000732006082001
2721432915855693000000003232005062001
2721432915855693000000006843005062008
2721432915855787000000002132030062008
2721432915857754000000002433015042008
2721432915857757000000000203031072005
2721432915857757000000000433031072008
2721432915858008000000002593001072008
2721432915858008000000008273001072001
2721432915858008000000008393001072008
2721432915858039000000012423006072008
2721432915858049000000009682007072008
2721432915858097000000004943013072008
2721432915858098000000000623013072008
2721432915858127000000007723015072003
2721432915858192000000004891024072012
2721432915858192000000007412024072005
2721432915858202000000005213027072001
2721432915858220000000000673029072012
2721432915858225000000005713029072002
2721432915858225000000005723029072002
2721432915858243000000006433031072011
2721432915858270000000003342004082002
2721432915858270000000006143004082003
2721432915858280000000000283005082001
2721432915858282000000001653005082003
2721432915858282000000005413005082001
2721432915858407000000007233027052008
2721432915858451000000001273029052003
2721432915858583000000005143016062012
2721432915858676000000001343029062008
2721432915858686000000002082030062001
2721432915858686000000003402030062008
2721432915860008000000002763001072008
2721432915860008000000002863001072008
2721432915860008000000003963001072008
2721432915860039000000014362006072001
2721432915860039000000018043006072008
2721432915860039000000024163006072008
2721432915860039000000027793006072008
2721432915860049000000006951007072001
2721432915860049000000016303007072008
2721432915860049000000021583007072008
2721432915860054000000001323007072008
2721432915860057000000000143008072008
2721432915860067000000000413008072001
2721432915860067000000000593008072008
2721432915860071000000009642008072001
2721432915860083000000012572010072008
2721432915860083000000019793010072005
2721432915860083000000025093010072002
2721432915860088000000001003013072008
2721432915860111000000004123015072008
2721432915860111000000011963015072008
2721432915860111000000015533015072001
2721432915860112000000000893015072011
2721432915860121000000005183015072008
2721432915860146000000009072022042001
2721432915860162000000011813022072003
2721432915860174000000013413023072002
2721432915860183000000000011024072005
2721432915860184000000026123024072005
2721432915860184000000043913024072003
2721432915860194000000007682027072012
2721432915860194000000014123027072005
2721432915860194000000016583027072003
2721432915860201000000002283029042008
2721432915860204000000015933028072005
2721432915860214000000012153029072002
2721432915860214000000013833029072001
2721432915860214000000015033029072002
2721432915860226000000007413030072012
2721432915860237000000008172031072001
2721432915860237000000010663031072001
2721432915860242000000019602006052001
2721432915860243000000002013003082001
2721432915860247000000012251003082012
2721432915860247000000012751003082012
2721432915860247000000013691003082001
2721432915860247000000015672003082008
2721432915860254000000001453004082003
2721432915860257000000003372004082005
2721432915860257000000005071004082012
2721432915860257000000011433004082011
2721432915860257000000011853004082003
2721432915860257000000016093004082005
2721432915860265000000005013005082002
2721432915860265000000011803005082002
2721432915860265000000013363005082008
2721432915860265000000013643005082003
2721432915860265000000019323005082003
2721432915860270000000004513005082002
2721432915860270000000004533005082002
2721432915860270000000005131005082001
2721432915860270000000005721005082001
2721432915860270000000011293005082003
2721432915860270000000011713005082011
2721432915860270000000013603005082001
2721432915860275000000001183006082003
2721432915860325000000015403018052008
2721432915860355000000000713021052008
2721432915860390000000013313026022008
2721432915860461000000001143004062008
2721432915860491000000000683010062008
2721432915860503000000002193010062008
2721432915860522000000020543015062008
2721432915860539000000017543016062008
2721432915860592000000003083024062001
2721432915860592000000007352024062008
2721432915860598000000000313024062008
2721432915860610000000001283026062008
2721432915860624000000013853029062008
310000000204
