1220820200302
2721432915812202000000001063007042001
2721432915812318000000004333012052008
2721432915812323000000004533013052008
2721432915812363000000002251027052012
2721432915812534000000003962015072008
2721432915812534000000015353015072008
2721432915812562000000019873023072008
2721432915812566000000002022024072008
2721432915812567000000004532024072008
2721432915812567000000009303024072008
2721432915812571000000004233027072008
2721432915812576000000005113028072008
2721432915812577000000027753028072008
2721432915812617000000009252007082003
2721432915812618000000000281007082001
2721432915812628000000017733011082001
2721432915812643000000016403014082011
2721432915855506000000004113013072008
2721432915855519000000000882015072008
2721432915855543000000003733022072008
2721432915855578000000006653030072012
2721432915855578000000009292030072001
2721432915855590000000001063003082003
2721432915855611000000003533007082008
2721432915855622000000008743011082012
2721432915855627000000005503012082005
2721432915855627000000006283012082003
2721432915855643000000004263017082003
2721432915855643000000009231017082008
2721432915855746000000002443019062008
2721432915858008000000014843001072008
2721432915858039000000010543006072008
2721432915858162000000005313021072008
2721432915858192000000010773024072003
2721432915858192000000013493024072008
2721432915858192000000017103024072008
2721432915858203000000000553027072008
2721432915858214000000008663028072008
2721432915858225000000004293029072008
2721432915858248000000001393031072003
2721432915858282000000003452005082005
2721432915858298000000008063007082008
2721432915858323000000013243011082003
2721432915858357000000011713014082003
2721432915858360000000000873017082003
2721432915858360000000000923017082005
2721432915858364000000000172019082003
2721432915858567000000007093015062001
2721432915858658000000049143029062008
2721432915858683000000000583030062008
2721432915860046000000000353007072008
2721432915860059000000014513008042008
2721432915860089000000000343013072008
2721432915860101000000023253014072008
2721432915860107000000000533015072008
2721432915860107000000000633015072008
2721432915860111000000014033015072008
2721432915860115000000000583015072008
2721432915860121000000010042015072008
2721432915860124000000000903016072008
2721432915860133000000000913017072008
2721432915860133000000000923017072008
2721432915860143000000022943020072008
2721432915860152000000000093021072008
2721432915860153000000018553021072008
2721432915860153000000019723021072008
2721432915860162000000012503022072003
2721432915860173000000000653023072008
2721432915860174000000003193023072008
2721432915860174000000012333023072008
2721432915860182000000000483024072008
2721432915860182000000000493024072008
2721432915860184000000020662024072008
2721432915860184000000045873024072008
2721432915860194000000014333027072008
2721432915860204000000019823028072003
2721432915860214000000010933029072002
2721432915860225000000000492030072005
2721432915860242000000042243006052001
2721432915860257000000016683004082008
2721432915860265000000006111005082001
2721432915860265000000007372008052008
2721432915860270000000010252005082005
2721432915860270000000011953005082012
2721432915860317000000017623012082005
2721432915860317000000023323012082002
2721432915860317000000023763012082005
2721432915860332000000000732014082001
2721432915860340000000033773014082002
2721432915860341000000001933017082008
2721432915860343000000002092018082003
2721432915860343000000003773018082002
2721432915860351000000003112019082001
2721432915860475000000010132008062008
2721432915860475000000019682008062008
2721432915860476000000012343008062008
2721432915860511000000006192012062008
2721432915860530000000001993016062008
2721432915860532000000008682016062008
2721432915860542000000000613017062008
2721432915860550000000010912017062008
2721432915860559000000000493019062008
2721432915860624000000017233029062008
2721432915860624000000017343029062008
310000000104
