1150920200302
2721432915812137000000002623023032001
2721432915812137000000004463023032001
2721432915812220000000004043013042001
2721432915812427000000017163015062008
2721432915812434000000022003017062008
2721432915812464000000001963025062008
2721432915812483000000008233030062001
2721432915812544000000000021016072001
2721432915812571000000004383027072008
2721432915812571000000004683027072008
2721432915812587000000018153030072001
2721432915812607000000006861005082008
2721432915812617000000003021007082008
2721432915812617000000017743007082003
2721432915812621000000001462010082005
2721432915812622000000022813010082008
2721432915812681000000000922028082001
2721432915812708000000010403004092008
2721432915812708000000011413004092001
2721432915812708000000011493004092003
2721432915812724000000004593010092003
2721432915812728000000002321011092002
2721432915855516000000003772011011901
2721432915855680000000004293026082005
2721432915855691000000002652028082001
2721432915855691000000012763028082002
2721432915855707000000003002002092005
2721432915858028000000002593003072008
2721432915858059000000000913008042001
2721432915858168000000003963022072008
2721432915858178000000000223023072008
2721432915858178000000000233023072008
2721432915858202000000007433027072008
2721432915858248000000006843031072003
2721432915858254000000002563003082008
2721432915858298000000005013007082005
2721432915858335000000005983012082008
2721432915858356000000000333014082008
2721432915858357000000002253014082008
2721432915858395000000011293021082001
2721432915858439000000005632028082007
2721432915858439000000009663028082005
2721432915858440000000016033028082001
2721432915858450000000000593028082002
2721432915858477000000000483002092003
2721432915858513000000014043008092011
2721432915858618000000009953022062008
2721432915860081000000000753010072008
2721432915860111000000013623015072008
2721432915860115000000000633015072008
2721432915860133000000000203017072008
2721432915860133000000000983017072008
2721432915860143000000023143020072008
2721432915860174000000011463023072008
2721432915860182000000001293024072008
2721432915860184000000046763024072008
2721432915860193000000000163027072008
2721432915860194000000020833027072008
2721432915860201000000000283028072008
2721432915860225000000000241030072008
2721432915860246000000000473003082008
2721432915860277000000000253006082008
2721432915860277000000000413006082008
2721432915860277000000000803006082008
2721432915860277000000000923006082008
2721432915860278000000020643006082008
2721432915860282000000004663007082003
2721432915860282000000012083007082005
2721432915860282000000017463007082003
2721432915860287000000000293007082008
2721432915860297000000004593010082008
2721432915860302000000001293011082008
2721432915860306000000000163011082008
2721432915860308000000004513011082008
2721432915860308000000028633011082003
2721432915860308000000031493011082005
2721432915860317000000020653012082003
2721432915860317000000020773012082003
2721432915860317000000023153012082008
2721432915860330000000013433013082008
2721432915860337000000001083014082008
2721432915860337000000001093014082008
2721432915860340000000014642014082008
2721432915860340000000021763014082008
2721432915860340000000022633014082008
2721432915860340000000030723014082008
2721432915860340000000031323014082008
2721432915860340000000032403014082003
2721432915860340000000033303014082008
2721432915860351000000016433019082008
2721432915860362000000014143020082002
2721432915860408000000009432026082001
2721432915860408000000017743026082003
2721432915860420000000019023027082003
2721432915860429000000000273028082003
2721432915860430000000018223028082002
2721432915860430000000022943028082001
2721432915860439000000004271031082001
2721432915860439000000009562031082001
2721432915860439000000012293031082012
2721432915860448000000005103001092005
2721432915860448000000019743001092005
2721432915860456000000009972002092005
2721432915860456000000018803002092003
2721432915860472000000002173004092005
2721432915860484000000000463008092002
2721432915860486000000013273008092003
2721432915860486000000013303008092003
2721432915860511000000014813012062008
310000000109
