1271120200304
2721432915811410000000020583019091905
2721432915812193000000014693003042008
2721432915812406000000014483008062008
2721432915812438000000011783018062008
2721432915812533000000002993015072005
2721432915812616000000003243007082008
2721432915812637000000003693017082008
2721432915812651000000013093021082008
2721432915812652000000000913021082008
2721432915812685000000017633031082008
2721432915812690000000017353001092005
2721432915812700000000023213003092001
2721432915812724000000006813010092001
2721432915812729000000000973011092001
2721432915812741000000013122017092008
2721432915812742000000001873017092002
2721432915812745000000005063018092008
2721432915812745000000005073018092008
2721432915812746000000007372018092012
2721432915812751000000017653021092003
2721432915812761000000008162023092008
2721432915812780000000001152029092001
2721432915812781000000000972030092008
2721432915812786000000018693001102008
2721432915812796000000015033005102001
2721432915812801000000023413006102005
2721432915812806000000003771007102001
2721432915812806000000016833007102008
2721432915812821000000025923013102008
2721432915812825000000005473014102008
2721432915812837000000006902016102008
2721432915812837000000013623016102001
2721432915812837000000020503016102008
2721432915812849000000000832020102008
2721432915812850000000012423020102005
2721432915812850000000015923020102008
2721432915812855000000023023021102008
2721432915812855000000032043021102008
2721432915812868000000000983026102008
2721432915812869000000004883026102008
2721432915812871000000003533027102008
2721432915812874000000003223027102008
2721432915812877000000003353028102008
2721432915812878000000014473028102008
2721432915812883000000014933029102008
2721432915812884000000000972029102005
2721432915812892000000000852003112001
2721432915812892000000001252003112005
2721432915812899000000005973004112001
2721432915812902000000000311005112001
2721432915812902000000000822005112001
2721432915812908000000003333006112003
2721432915812909000000021233006112001
2721432915812913000000002413009112002
2721432915812915000000009872009112001
2721432915812915000000023533009112003
2721432915812915000000024663009112001
2721432915812917000000009663009112001
2721432915812918000000001973009112005
2721432915812922000000015143010112001
2721432915812922000000019733010112005
2721432915812927000000010523011112001
2721432915812937000000013793013112005
2721432915812937000000018383013112002
2721432915812937000000019983013112001
2721432915812938000000000863013112002
2721432915812942000000019483016112003
2721432915812942000000024833016112002
2721432915812943000000003413016112001
2721432915812945000000005103016112001
2721432915812950000000002152017112001
2721432915812950000000004043017112001
2721432915812951000000000592017112003
2721432915812952000000004932017112011
2721432915812952000000015073017112002
2721432915812952000000016633017112003
2721432915812952000000021123017112001
2721432915812952000000022273017112005
2721432915812955000000003723018112001
2721432915812960000000001512019112008
2721432915812960000000005643019112001
2721432915812960000000005933019112001
2721432915812960000000006473019112005
2721432915812962000000001891019112001
2721432915812962000000013473019112001
2721432915812963000000001463019112001
2721432915812967000000003911023112012
2721432915812967000000014552023112011
2721432915812967000000019572023112001
2721432915812967000000024352023112003
2721432915812967000000024392023112003
2721432915812967000000025862023112003
2721432915812967000000029762023112002
2721432915812967000000058113023112003
2721432915812967000000058313023112002
2721432915812967000000058323023112002
2721432915812967000000061533023112003
2721432915812971000000001622024112001
2721432915812972000000001811024112001
2721432915812972000000006311024112012
2721432915812972000000006321024112012
2721432915812972000000006831024112005
2721432915812973000000001412024112003
2721432915812973000000002052024112003
2721432915812977000000000921025112012
2721432915812977000000001291025112003
2721432915812977000000001921025112003
2721432915812977000000002171025112001
2721432915855471000000002953007102008
2721432915855471000000006473007102008
2721432915855476000000002553008102005
2721432915855476000000002563008102005
2721432915855483000000004453009102005
2721432915855495000000003473014102008
2721432915855520000000002733020102003
2721432915855526000000011703021102008
2721432915855542000000003643026102001
2721432915855547000000002403027102008
2721432915855551000000002463028102008
2721432915855551000000004493028102008
2721432915855557000000003382028102008
2721432915855557000000010363028102008
2721432915855557000000017233028102008
2721432915855557000000018841028102001
2721432915855557000000026263028102008
2721432915855557000000027453028102005
2721432915855566000000004223028072005
2721432915855568000000018863003112008
2721432915855571000000001473004112001
2721432915855580000000010561006112008
2721432915855580000000015243006112001
2721432915855580000000020393006112003
2721432915855589000000003722009112008
2721432915855591000000004193011112001
2721432915855600000000006333011112002
2721432915855612000000001313013112002
2721432915855618000000004873016112003
2721432915855622000000004513017112003
2721432915855626000000001473018112008
2721432915855626000000002283018112002
2721432915855626000000007373018112001
2721432915855626000000008143018112005
2721432915855630000000000381023112012
2721432915855630000000002503023112003
2721432915855630000000003301023112005
2721432915855630000000005343023112003
2721432915855630000000005863023112003
2721432915855635000000005493023112005
2721432915855635000000005543023112003
2721432915855635000000005853023112001
2721432915855641000000000411024112012
2721432915855641000000003922024112002
2721432915855641000000007303024112001
2721432915855644000000000241025112012
2721432915855691000000012693028082008
2721432915855773000000003573022092008
2721432915858044000000000943006102008
2721432915858051000000000633007102008
2721432915858146000000000173023102008
2721432915858294000000000083009112001
2721432915858334000000000092013112012
2721432915858357000000009513014082008
2721432915858380000000002293018112003
2721432915858393000000001092023112003
2721432915858422000000007443026082008
2721432915858455000000000393031082003
2721432915858513000000012453008092003
2721432915858513000000012863008092008
2721432915858526000000000403010092008
2721432915858618000000009333022062008
2721432915858618000000009653022062005
2721432915860010000000002073002102008
2721432915860010000000002763002102008
2721432915860013000000016433002102008
2721432915860020000000000423002102008
2721432915860020000000000593002102008
2721432915860020000000000603002102008
2721432915860020000000001043002102008
2721432915860023000000023233002102003
2721432915860023000000024243002102008
2721432915860023000000026963002102008
2721432915860023000000029473002102008
2721432915860023000000032083002102008
2721432915860033000000013543005102008
2721432915860043000000005763006102008
2721432915860043000000019373006102003
2721432915860043000000021323006102005
2721432915860065000000000253008102008
2721432915860067000000020063008102008
2721432915860067000000024543008102005
2721432915860085000000000323013102008
2721432915860085000000000703013102008
2721432915860094000000000663014102008
2721432915860126000000004093019102008
2721432915860136000000030293020102008
2721432915860136000000032453020102008
2721432915860148000000007751021102002
2721432915860148000000018203021102008
2721432915860148000000019723021102008
2721432915860148000000020963021102008
2721432915860148000000024633021102008
2721432915860152000000000463021102008
2721432915860152000000000903021102008
2721432915860163000000000343022102008
2721432915860165000000004582022102008
2721432915860165000000017463022102008
2721432915860176000000023703023102008
2721432915860184000000000173026102008
2721432915860194000000010072027072008
2721432915860196000000016673027102008
2721432915860196000000019073027102008
2721432915860196000000023763027102008
2721432915860206000000000753028102008
2721432915860208000000006953028102008
2721432915860220000000004273029102008
2721432915860220000000021693029102008
2721432915860230000000008413030102008
2721432915860230000000013552030102008
2721432915860230000000036303030102008
2721432915860230000000037033030102001
2721432915860232000000001093003112008
2721432915860237000000000223003112008
2721432915860240000000006823003112008
2721432915860247000000035223003082008
2721432915860265000000011753005082008
2721432915860269000000031923006112002
2721432915860278000000024083006082008
2721432915860284000000003983009112001
2721432915860294000000002252010112001
2721432915860314000000010942011112001
2721432915860314000000019113011112001
2721432915860314000000025482011112005
2721432915860329000000000933013112001
2721432915860329000000000953013112001
2721432915860330000000017563013082005
2721432915860337000000012882016112001
2721432915860349000000012923017112008
2721432915860349000000017533017112002
2721432915860359000000007851018112001
2721432915860359000000019603018112005
2721432915860359000000020593018112003
2721432915860359000000020603018112003
2721432915860359000000020613018112003
2721432915860359000000020623018112003
2721432915860359000000020633018112003
2721432915860359000000020643018112003
2721432915860369000000015271018112012
2721432915860369000000024402018112005
2721432915860369000000028272018112012
2721432915860369000000032542018112001
2721432915860369000000036012018112001
2721432915860369000000042223018112005
2721432915860369000000043063018112011
2721432915860369000000044723018112012
2721432915860369000000048333018112003
2721432915860369000000066283018112003
2721432915860369000000066353018112003
2721432915860369000000068213018112003
2721432915860369000000068223018112003
2721432915860369000000068233018112003
2721432915860369000000068243018112003
2721432915860369000000068253018112003
2721432915860371000000000103019112003
2721432915860371000000000663021082008
2721432915860371000000000793021082008
2721432915860374000000001082023112002
2721432915860374000000001803023112001
2721432915860377000000029143021082008
2721432915860380000000006852023112001
2721432915860380000000007033023112002
2721432915860380000000008033023112002
2721432915860380000000009901023112012
2721432915860380000000010061023112012
2721432915860380000000013542023112001
2721432915860380000000020783023112005
2721432915860380000000023053023112005
2721432915860380000000023673023112003
2721432915860380000000024473023112012
2721432915860380000000027343023112003
2721432915860380000000028813023112002
2721432915860380000000032323023112003
2721432915860380000000032353023112003
2721432915860380000000035353023112001
2721432915860380000000035483023112001
2721432915860380000000035873023112002
2721432915860380000000037233023112003
2721432915860380000000037863023112003
2721432915860380000000038533023112008
2721432915860388000000006141024112005
2721432915860388000000009412024112002
2721432915860402000000000021026082003
2721432915860403000000000213026082008
2721432915860416000000000021027082003
2721432915860419000000005871025112003
2721432915860419000000006021025112003
2721432915860419000000006381025112012
2721432915860419000000007231025112003
2721432915860466000000000363003092008
2721432915860469000000009322003092008
2721432915860472000000000933004092008
2721432915860486000000007002008092008
2721432915860490000000003763008092008
2721432915860538000000025343016092008
2721432915860556000000000843017092008
2721432915860561000000018263018092003
2721432915860569000000021933021092001
2721432915860600000000003173023092008
2721432915860614000000000883025092011
2721432915860615000000005073025092008
2721432915860615000000005123025092008
2721432915860615000000013493025092002
2721432915860615000000022533025092008
2721432915860629000000000493028092008
310000000313
