1240920200303
2721432915812220000000001973013042012
2721432915812499000000011942003072008
2721432915812509000000018113007072008
2721432915812519000000021193010072008
2721432915812539000000014333016072008
2721432915812539000000019613016072001
2721432915812543000000007702016072008
2721432915812557000000017693022072008
2721432915812563000000000182023072008
2721432915812576000000001562028072003
2721432915812577000000036243028072008
2721432915812577000000042223028072008
2721432915812582000000017413029072011
2721432915812593000000005793031072008
2721432915812597000000005683003082003
2721432915812602000000014613004082008
2721432915812602000000017893004082008
2721432915812607000000016462005082008
2721432915812607000000033713005082002
2721432915812628000000017193011082005
2721432915812649000000025403021082005
2721432915812658000000005153021082008
2721432915812665000000006512025082008
2721432915812678000000006193028082008
2721432915812685000000020593031082003
2721432915812695000000016493002092008
2721432915812711000000004753008092005
2721432915812713000000020513008092001
2721432915812716000000002082009092001
2721432915812717000000014102009092001
2721432915812723000000000633010092003
2721432915812728000000020283011092003
2721432915812731000000015083014092003
2721432915812732000000000893014092005
2721432915812734000000028243015092002
2721432915812737000000000251016092001
2721432915812737000000023733016092003
2721432915812739000000002393017092001
2721432915812739000000002523017092003
2721432915812741000000018733017092003
2721432915812741000000023873017092003
2721432915812741000000026083017092002
2721432915812746000000005522018092002
2721432915812746000000011442018092001
2721432915812746000000015753018092005
2721432915812748000000002472021092002
2721432915855506000000000411013072008
2721432915855611000000005303007082008
2721432915855627000000003713012082008
2721432915855665000000003163021082001
2721432915855747000000006613016092001
2721432915855752000000005653016092003
2721432915857754000000007983015042008
2721432915858127000000007273015072008
2721432915858159000000000933021072003
2721432915858162000000007093021072008
2721432915858220000000001063029072008
2721432915858255000000000313003082008
2721432915858282000000007583005082008
2721432915858313000000002401010082008
2721432915858350000000000243014082008
2721432915858350000000000333014082008
2721432915858350000000000613014082008
2721432915858360000000000973017082008
2721432915858360000000001363017082008
2721432915858360000000001423017082008
2721432915858360000000001553017082008
2721432915858384000000007033020082008
2721432915858407000000008313027052008
2721432915858407000000010853027052008
2721432915858420000000000512026082008
2721432915858440000000015893028082008
2721432915858476000000000713002092001
2721432915858499000000000243004092003
2721432915858513000000014033008092005
2721432915858570000000000483016062008
2721432915858584000000000853018092003
2721432915858606000000000021022092007
2721432915860008000000002883001072008
2721432915860008000000003923001072008
2721432915860071000000018983008072008
2721432915860081000000000613010072008
2721432915860101000000009822014072008
2721432915860153000000021253021072008
2721432915860174000000012793023072008
2721432915860184000000039593024072008
2721432915860184000000046583024072008
2721432915860213000000000343029072008
2721432915860236000000001173031072008
2721432915860237000000015973031072008
2721432915860237000000018193031072008
2721432915860237000000018523031072003
2721432915860237000000018963031072008
2721432915860257000000010963004082003
2721432915860259000000000953005082008
2721432915860277000000000353006082008
2721432915860277000000000513006082008
2721432915860277000000000863006082008
2721432915860282000000019593007082008
2721432915860297000000012613010082008
2721432915860308000000031543011082008
2721432915860317000000011122012082008
2721432915860329000000000543013082008
2721432915860340000000031463014082008
2721432915860343000000003613018082008
2721432915860357000000001343020082008
2721432915860362000000009272020082008
2721432915860377000000028503021082008
2721432915860390000000013273025082008
2721432915860390000000018703025082008
2721432915860390000000023263025082008
2721432915860390000000024053025082008
2721432915860390000000024143025082008
2721432915860390000000024373025082008
2721432915860391000000000862025082001
2721432915860403000000000273026082008
2721432915860439000000003121031082001
2721432915860469000000004541003092001
2721432915860469000000016543003092011
2721432915860494000000000491009092001
2721432915860494000000001193009092003
2721432915860503000000009042010092003
2721432915860503000000022863010092001
2721432915860509000000015133010092001
2721432915860511000000000392011092005
2721432915860513000000008583014092003
2721432915860513000000030223014092003
2721432915860513000000034023014092003
2721432915860513000000037273014092003
2721432915860527000000018703015092001
2721432915860527000000022093015092003
2721432915860538000000015713016092001
2721432915860538000000025883016092011
2721432915860549000000015773018092002
2721432915860550000000010291017062008
2721432915860566000000001563018092003
2721432915860569000000007752021092003
2721432915860572000000015813022062008
2721432915860579000000003101022092003
310000000139
