1300920200303
2721432915812115000000022193017032008
2721432915812124000000003433019032012
2721432915812129000000019383020032008
2721432915812203000000006413007042008
2721432915812323000000002883013052008
2721432915812329000000019713014052008
2721432915812393000000011743003062008
2721432915812432000000015393016062001
2721432915812447000000003371022062001
2721432915812510000000003333007072008
2721432915812534000000007933015072008
2721432915812535000000000342015072008
2721432915812538000000004233016072001
2721432915812567000000002311024072008
2721432915812582000000016883029072005
2721432915812582000000017823029072003
2721432915812596000000000071003082001
2721432915812602000000007582004082001
2721432915812610000000000053006082008
2721432915812619000000000103010082001
2721432915812621000000001362010082008
2721432915812622000000021713010082001
2721432915812628000000016623011082005
2721432915812628000000019723011082001
2721432915812629000000003833011082001
2721432915812638000000025843017082008
2721432915812643000000017113014082005
2721432915812643000000017173014082001
2721432915812649000000003941021082003
2721432915812649000000022613021082005
2721432915812649000000026773021082011
2721432915812656000000001962021082008
2721432915812658000000002813021082001
2721432915812660000000016113024082008
2721432915812663000000002112024082008
2721432915812665000000018593025082008
2721432915812665000000023463025082008
2721432915812665000000025573025082008
2721432915812666000000003573025082001
2721432915812668000000000091025082001
2721432915812670000000016003026082005
2721432915812670000000019453026082011
2721432915812685000000018703031082003
2721432915812688000000003243001092003
2721432915812690000000022193001092001
2721432915812691000000001582001092001
2721432915812700000000020973003092005
2721432915812713000000008842008092001
2721432915812713000000017083008092012
2721432915812717000000030683009092003
2721432915812738000000001052016092001
2721432915812741000000000221017092001
2721432915812741000000004801017092001
2721432915812746000000000031018092001
2721432915812746000000019703018092003
2721432915812748000000000051021092005
2721432915812755000000005013022092012
2721432915812757000000000971022092001
2721432915812757000000018333022092001
2721432915812761000000011943023092012
2721432915812761000000015223023092012
2721432915812766000000012323024092001
2721432915812766000000015003024092003
2721432915812766000000020893024092003
2721432915812771000000003101025092005
2721432915812771000000008392025092003
2721432915855510000000001213014072003
2721432915855536000000006213021072008
2721432915855583000000002912031072008
2721432915855596000000002743004082008
2721432915855622000000006053011082008
2721432915855648000000001603018082008
2721432915855671000000003643024082008
2721432915855675000000001743025082008
2721432915855675000000006023025082008
2721432915855680000000002223003062008
2721432915855691000000002102028082008
2721432915855701000000003383001092005
2721432915855707000000003533002092001
2721432915855752000000002443016092001
2721432915855773000000004373022092003
2721432915855773000000007302022092001
2721432915855773000000008293022092005
2721432915855773000000010513022092003
2721432915855778000000001322023092005
2721432915855778000000003363023092002
2721432915855780000000003053023092002
2721432915857757000000000313031072011
2721432915858214000000004302028072008
2721432915858214000000007293028072008
2721432915858242000000000263031072008
2721432915858242000000000273031072008
2721432915858270000000005033004082008
2721432915858282000000007453005082008
2721432915858357000000007583014082005
2721432915858360000000001183017082008
2721432915858360000000001733017082008
2721432915858361000000000503018082002
2721432915858384000000005383020082008
2721432915858394000000001003021082008
2721432915858395000000002143021082008
2721432915858399000000001153019022008
2721432915858405000000005963025082003
2721432915858435000000004273025111901
2721432915858439000000011413028082008
2721432915858470000000002343001092005
2721432915858533000000000451014092012
2721432915858548000000000753015092003
2721432915858619000000000053023092003
2721432915860018000000020953001072005
2721432915860039000000030033006072008
2721432915860040000000000673006072008
2721432915860071000000018433008042008
2721432915860162000000002813022072008
2721432915860182000000001543024072008
2721432915860207000000000803029012008
2721432915860214000000014853029072008
2721432915860237000000008392031072008
2721432915860246000000000273003082008
2721432915860247000000041613003082003
2721432915860256000000000153004082008
2721432915860257000000012423004082005
2721432915860257000000017433004082001
2721432915860265000000004413005082008
2721432915860277000000000273006082008
2721432915860278000000020383006082005
2721432915860278000000021233006082005
2721432915860278000000025543006082008
2721432915860282000000021593007082008
2721432915860308000000006633011082008
2721432915860308000000018353011082002
2721432915860308000000024593011082008
2721432915860317000000023553012082001
2721432915860318000000000403012082008
2721432915860318000000000413012082008
2721432915860330000000019043013082008
2721432915860330000000020083013082008
2721432915860337000000000493014082008
2721432915860340000000015002014082008
2721432915860340000000033863014082008
2721432915860343000000003603018082008
2721432915860351000000008912019082008
2721432915860362000000009502020082008
2721432915860377000000013632021082001
2721432915860392000000000213025082008
2721432915860403000000000263026082008
2721432915860420000000019813027082003
2721432915860420000000020823027082012
2721432915860430000000004663028082008
2721432915860430000000012312028082001
2721432915860430000000012322028082001
2721432915860430000000015613028082008
2721432915860430000000023983028082003
2721432915860430000000027053028082008
2721432915860439000000018673031082003
2721432915860448000000006123001092012
2721432915860448000000026323001092008
2721432915860456000000017793002092008
2721432915860461000000002463003092001
2721432915860469000000018023003092011
2721432915860475000000017623008062008
2721432915860477000000001453004092003
2721432915860486000000019633008092003
2721432915860486000000020433008092005
2721432915860522000000000873014092008
2721432915860527000000017563015092002
2721432915860527000000021303015092008
2721432915860538000000007531016092005
2721432915860538000000014912016092002
2721432915860538000000022143016092005
2721432915860538000000027733016092003
2721432915860538000000029413016092003
2721432915860549000000013782018092005
2721432915860549000000024913018092008
2721432915860549000000026832018092011
2721432915860561000000024773018092002
2721432915860569000000005511021092008
2721432915860569000000009012021092003
2721432915860569000000020353021092002
2721432915860573000000001923021092002
2721432915860590000000065062030091908
2721432915860600000000013333023092003
2721432915860625000000000941028092001
2721432915860625000000020603027032008
310000000184
