1010820200303
2721432915812163000000011783027032008
2721432915812169000000022793030032008
2721432915812260000000016213022042005
2721432915812334000000015443015052005
2721432915812339000000005502019052008
2721432915812344000000013023020052008
2721432915812404000000004493005062008
2721432915812406000000014663008062008
2721432915812444000000000602018062011
2721432915812466000000004793026062008
2721432915812473000000012673026062008
2721432915812478000000016013029062008
2721432915812483000000011403030062008
2721432915812484000000001773030062001
2721432915812489000000011843001072008
2721432915812489000000015733001072008
2721432915812499000000007092003072008
2721432915812499000000021143003072008
2721432915812500000000000271003072001
2721432915812500000000001122003072008
2721432915812509000000033713007072003
2721432915812512000000001523008072003
2721432915812513000000000922008072012
2721432915812514000000005492008072001
2721432915812519000000019463010072001
2721432915812528000000004483014072011
2721432915812534000000011063015072001
2721432915812539000000002751016072001
2721432915812539000000008642016072001
2721432915812548000000016963017072001
2721432915812549000000000661017072012
2721432915812549000000005282017072001
2721432915812549000000009363017072011
2721432915812557000000009172022072003
2721432915812562000000012323023072003
2721432915812566000000001152024072001
2721432915812567000000009623024072005
2721432915812567000000011463024072005
2721432915812570000000000043027072003
2721432915812572000000000061027072012
2721432915812572000000003632027072005
2721432915812572000000007813027072001
2721432915812573000000000101027072005
2721432915812576000000005153028072002
2721432915812577000000019192028072005
2721432915812577000000031043028072003
2721432915812582000000000211029072012
2721432915812582000000019093029072002
2721432915812587000000002591030072001
2721432915855455000000006713001072008
2721432915855473000000006853007072001
2721432915855503000000000213013072001
2721432915855506000000004943013072001
2721432915855514000000000251015072005
2721432915855527000000001863020072011
2721432915855548000000002352022072005
2721432915855554000000001662024072003
2721432915855554000000004263024072005
2721432915855554000000004833024072001
2721432915855554000000006222024072011
2721432915855554000000007493024072001
2721432915855556000000000333027072005
2721432915855561000000004743027072002
2721432915855649000000002443013022008
2721432915855675000000009603002062008
2721432915855693000000008103005062005
2721432915855764000000001973023062008
2721432915855787000000003722030062003
2721432915857754000000005973015042003
2721432915858008000000010553001072001
2721432915858008000000012333001072008
2721432915858008000000014263001072008
2721432915858034000000000212006072001
2721432915858039000000003401006072012
2721432915858061000000000252008072012
2721432915858069000000000132008072001
2721432915858085000000013643010072005
2721432915858108000000000953014072001
2721432915858109000000000583014072001
2721432915858118000000000332015072005
2721432915858127000000003091015072001
2721432915858139000000000473020072011
2721432915858162000000003032021072005
2721432915858167000000000313022072001
2721432915858192000000001693024072001
2721432915858192000000002932024072005
2721432915858192000000008952024072003
2721432915858192000000013613024072001
2721432915858202000000005233027072003
2721432915858203000000000371027072005
2721432915858225000000000943029072002
2721432915858304000000007683007022008
2721432915858407000000010173027052008
2721432915858482000000002543003062008
2721432915858482000000002593003062008
2721432915858519000000000283009062011
2721432915858604000000000543019062008
2721432915858618000000002781022062012
2721432915858631000000000973023062008
2721432915858651000000006523024062008
2721432915858658000000010423029062008
2721432915858658000000048503029062008
2721432915858658000000048523029062008
2721432915858658000000052923029062008
2721432915858658000000055483029062008
2721432915858665000000007663026062003
2721432915858676000000007333029062008
2721432915858689000000003653030062005
2721432915860013000000000133001072008
2721432915860018000000006323001072008
2721432915860018000000025673001072008
2721432915860025000000000273003072008
2721432915860025000000000783003072008
2721432915860025000000001013003072008
2721432915860025000000001072003072008
2721432915860029000000008103003072008
2721432915860035000000000143006072008
2721432915860035000000000233006072008
2721432915860039000000015282006072008
2721432915860049000000016883007072008
2721432915860049000000018523007072003
2721432915860062000000001193008072003
2721432915860067000000000293008072008
2721432915860099000000000023014072002
2721432915860101000000020073014072005
2721432915860101000000022133014072011
2721432915860101000000023903014072001
2721432915860111000000009823015072003
2721432915860121000000009382015072012
2721432915860121000000019113015072008
2721432915860126000000025243017042005
2721432915860143000000006401020072001
2721432915860153000000012563021072012
2721432915860156000000016923022042002
2721432915860162000000003781022072001
2721432915860162000000005762022072001
2721432915860162000000011063022072011
2721432915860174000000010583023072006
2721432915860174000000013263023072003
2721432915860184000000025823024072005
2721432915860184000000029713024072005
2721432915860184000000035443024072003
2721432915860184000000042273024072002
2721432915860184000000046103024072003
2721432915860186000000000953027072001
2721432915860186000000017603028042008
2721432915860191000000000581027072012
2721432915860194000000004713027072003
2721432915860204000000006321028072001
2721432915860204000000007521028072005
2721432915860204000000016053028072003
2721432915860214000000004851029072003
2721432915860214000000005382029072001
2721432915860214000000008123029072001
2721432915860214000000008143029072002
2721432915860358000000000723021052008
2721432915860388000000000423026052008
2721432915860434000000017383003032008
2721432915860476000000008342008062012
2721432915860491000000000982010062008
2721432915860491000000001343010062008
2721432915860496000000015433010062008
2721432915860532000000009992016062008
2721432915860532000000015393016062002
2721432915860550000000003973018032008
2721432915860550000000009293018032001
2721432915860562000000014693019062005
2721432915860568000000000433022062008
2721432915860568000000000443022062008
2721432915860578000000000553023062008
2721432915860582000000011933023062008
2721432915860602000000008782024062008
2721432915860602000000015983024062008
2721432915860614000000004773026062008
2721432915860614000000017473026062005
2721432915860614000000021943026062008
2721432915860624000000013613029062003
2721432915860633000000012763030062008
310000000178
