1291020200305
2721432915810037000000000403027012001
2721432915811987000000003123013022008
2721432915812258000000000992022042001
2721432915812367000000000911028052008
2721432915812430000000004843016062001
2721432915812482000000000922030062001
2721432915812538000000005943016072003
2721432915812547000000001622017072001
2721432915812557000000016163022072008
2721432915812607000000036563005082001
2721432915812617000000019953007082008
2721432915812621000000006103010082008
2721432915812622000000020193010082008
2721432915812627000000001212011082005
2721432915812628000000010983011082003
2721432915812633000000020683012082002
2721432915812637000000000832017082008
2721432915812638000000024953017082001
2721432915812638000000026993017082001
2721432915812647000000007802021082008
2721432915812649000000001651021082001
2721432915812649000000028763021082001
2721432915812650000000000271021082001
2721432915812668000000006003025082008
2721432915812673000000002273026082008
2721432915812676000000003793027082003
2721432915812695000000014153002092003
2721432915812713000000001411008092001
2721432915812717000000014852009092002
2721432915812734000000024193015092008
2721432915812737000000024003016092002
2721432915812739000000002803017092008
2721432915812745000000002052018092008
2721432915812746000000016763018092005
2721432915812746000000019693018092002
2721432915812751000000013593021092008
2721432915812751000000016873021092008
2721432915812755000000006283022092008
2721432915812761000000017763023092008
2721432915812770000000003303025092003
2721432915812770000000004133025092008
2721432915812771000000011153025092008
2721432915812775000000001592028092008
2721432915812776000000015273028092008
2721432915812776000000016203028092008
2721432915812781000000004073030092008
2721432915812781000000004823030092008
2721432915812786000000016933001102008
2721432915812792000000014953002102008
2721432915812795000000004933005102001
2721432915812797000000000872005102008
2721432915812801000000007442006102008
2721432915812801000000023493006102005
2721432915812806000000013413007102005
2721432915812810000000004673008102001
2721432915812812000000000562008102005
2721432915812821000000024843013102005
2721432915812832000000000362015102001
2721432915812837000000014313016102001
2721432915812837000000017463016102008
2721432915812841000000004293019102001
2721432915812842000000012033019102008
2721432915812842000000018043019102001
2721432915812844000000019013019102011
2721432915812845000000003582019102003
2721432915812845000000007743019102005
2721432915812849000000004683020102003
2721432915812849000000004693020102003
2721432915812849000000004703020102003
2721432915812850000000008322020102011
2721432915812850000000017173020102001
2721432915812850000000019593020102003
2721432915812851000000003763020102001
2721432915812854000000000601021102001
2721432915812854000000005073021102002
2721432915812854000000005093021102003
2721432915812855000000016863021102003
2721432915812855000000017363021102003
2721432915812855000000019513021102005
2721432915812855000000026403021102002
2721432915812859000000004333022102001
2721432915812860000000005332022102001
2721432915812860000000015643022102003
2721432915812860000000018593022102003
2721432915812860000000018853022102003
2721432915812863000000000402023102011
2721432915812863000000001303023102003
2721432915812863000000001323023102002
2721432915812864000000004193023102003
2721432915812866000000000101026102005
2721432915812867000000003251026102003
2721432915812867000000003261026102003
2721432915812867000000003591026102003
2721432915812867000000007302026102003
2721432915812867000000014373026102003
2721432915812868000000000161026102001
2721432915812869000000000121026102001
2721432915855454000000002323002102008
2721432915855467000000004543006102008
2721432915855471000000003713007102003
2721432915855483000000003963009102012
2721432915855506000000002233015102003
2721432915855520000000001262020102005
2721432915855520000000006213020102001
2721432915855520000000006893020102001
2721432915855526000000001771021102012
2721432915855526000000007473021102001
2721432915855526000000009183021102003
2721432915855532000000002433021102003
2721432915855532000000002573021102001
2721432915855532000000003123021102003
2721432915855532000000003163021102003
2721432915855536000000000121021072001
2721432915855542000000004193026102003
2721432915855578000000006853030072001
2721432915855590000000002972003082005
2721432915855596000000005742004082008
2721432915855655000000005053019082005
2721432915855675000000005573025082003
2721432915855686000000001193026082008
2721432915855691000000001872028082008
2721432915855691000000008683028082008
2721432915855701000000003783001092008
2721432915855707000000003973002092008
2721432915855747000000006923016092008
2721432915855753000000000211017092008
2721432915855753000000001443017092001
2721432915855759000000004772018092001
2721432915855790000000001673025092008
2721432915855790000000004052025092008
2721432915855795000000001433028092008
2721432915855805000000002703030092008
2721432915855811000000002173030092001
2721432915858003000000000163002102008
2721432915858003000000000323001072001
2721432915858032000000000693005102008
2721432915858033000000001023005102005
2721432915858125000000000863019102003
2721432915858136000000001353020102001
2721432915858141000000000813020102012
2721432915858168000000000743022102003
2721432915858170000000000301022102003
2721432915858282000000007513005082008
2721432915858313000000007033010082003
2721432915858335000000006633012082008
2721432915858357000000009503014082008
2721432915858369000000002582019082008
2721432915858405000000004342025082001
2721432915858432000000000202027082005
2721432915858439000000008553028082008
2721432915858492000000000233003092008
2721432915858593000000000663018092008
2721432915858595000000000853021092008
2721432915858631000000000993023062008
2721432915858651000000000273028092008
2721432915858657000000000883028092008
2721432915860010000000000653002102008
2721432915860010000000000733002102008
2721432915860010000000000923002102008
2721432915860010000000002533002102008
2721432915860013000000003903002102008
2721432915860020000000000213002102008
2721432915860020000000000373002102008
2721432915860023000000020653002102008
2721432915860023000000022403002102008
2721432915860023000000029963002102008
2721432915860023000000031953002102008
2721432915860030000000000213005102008
2721432915860030000000000823005102008
2721432915860033000000009472005102008
2721432915860033000000016543005102011
2721432915860040000000001083006102008
2721432915860043000000018053006102008
2721432915860067000000022013008102008
2721432915860097000000011862014102003
2721432915860107000000000493015072008
2721432915860109000000004573014102005
2721432915860114000000006381015102005
2721432915860114000000023463015102002
2721432915860118000000000143016102005
2721432915860136000000021173020102001
2721432915860136000000026813020102005
2721432915860136000000028663020102002
2721432915860136000000030543020102003
2721432915860136000000032263020102003
2721432915860136000000034003020102011
2721432915860136000000035753020102003
2721432915860136000000037703020102008
2721432915860139000000001353020102002
2721432915860140000000001042020072001
2721432915860148000000004753021102005
2721432915860148000000008732021102005
2721432915860148000000011842021102001
2721432915860148000000014353021102001
2721432915860148000000019743021102003
2721432915860148000000023033021102003
2721432915860148000000024473021102002
2721432915860165000000015233022102012
2721432915860165000000015523022102012
2721432915860165000000015983022102001
2721432915860165000000021233022102002
2721432915860165000000021783022102003
2721432915860165000000022213022102001
2721432915860165000000023103022102003
2721432915860165000000023733022102003
2721432915860165000000025003022102003
2721432915860168000000001803023102002
2721432915860168000000001833023102002
2721432915860173000000000383023102003
2721432915860173000000000973023102005
2721432915860176000000004213023102003
2721432915860176000000006511023102005
2721432915860176000000006621023102001
2721432915860176000000019353023102002
2721432915860176000000019443023102003
2721432915860176000000022662023102001
2721432915860176000000022773023102003
2721432915860184000000017382024072001
2721432915860184000000038383024072013
2721432915860196000000005061027102003
2721432915860257000000005981004082005
2721432915860259000000000973005082008
2721432915860270000000005481005082001
2721432915860282000000011223007082001
2721432915860287000000000883007082008
2721432915860297000000004523010082008
2721432915860297000000021603010082008
2721432915860308000000018063011082001
2721432915860329000000000163013082008
2721432915860340000000026033014082008
2721432915860340000000029183014082008
2721432915860345000000001803019082008
2721432915860348000000000353019082008
2721432915860351000000014343019082011
2721432915860371000000000783021082008
2721432915860371000000000933021082008
2721432915860381000000004313024082005
2721432915860384000000000113024082008
2721432915860390000000013633025082008
2721432915860390000000015403025082008
2721432915860403000000000673026082008
2721432915860408000000013023026082008
2721432915860408000000021683026082008
2721432915860420000000020853027082008
2721432915860429000000000873028082008
2721432915860430000000024173028082008
2721432915860430000000027213028082008
2721432915860436000000000113031082008
2721432915860439000000013863031082005
2721432915860447000000000503005091908
2721432915860448000000022323001092008
2721432915860461000000002823003092003
2721432915860511000000016173012062005
2721432915860513000000037993014092008
2721432915860527000000005043015092008
2721432915860527000000005093015092008
2721432915860527000000020453015092001
2721432915860527000000022363015092008
2721432915860538000000016733016092008
2721432915860549000000015533018092008
2721432915860549000000026653018092008
2721432915860549000000027493018092008
2721432915860556000000000123017092008
2721432915860556000000000153017092008
2721432915860561000000019243018092008
2721432915860561000000023853018092008
2721432915860569000000023543021092008
2721432915860569000000023883021092008
2721432915860579000000014853022092008
2721432915860585000000000712022092008
2721432915860590000000021793023092001
2721432915860595000000000183023092008
2721432915860600000000009372023092008
2721432915860600000000016723023092008
2721432915860600000000018663023092008
2721432915860600000000019163023092008
2721432915860600000000019363023092008
2721432915860600000000019503023092008
2721432915860604000000000753024092008
2721432915860604000000000823024092008
2721432915860615000000021613025092008
2721432915860638000000000423029092008
2721432915860641000000014353029092008
2721432915860641000000021753029092008
2721432915860648000000001283030092001
2721432915860649000000013943030092008
2721432915860649000000018273030092008
2721432915860649000000018283030092008
2721432915860649000000018653030092008
2721432915860649000000019043030092008
310000000290
