1040820200303
2721432915812043000000015363028022001
2721432915812120000000003453018032001
2721432915812239000000002241016042008
2721432915812282000000003103029042001
2721432915812354000000011433022052008
2721432915812358000000017733026052008
2721432915812369000000001043028052001
2721432915812383000000011743001062008
2721432915812383000000018703001062008
2721432915812416000000016023010062008
2721432915812426000000010192015062008
2721432915812447000000006181022062008
2721432915812457000000007952024062005
2721432915812457000000017153024062008
2721432915812468000000004262026062001
2721432915812469000000002263026062008
2721432915812472000000003423026062005
2721432915812472000000004663026062008
2721432915812478000000020353029062008
2721432915812490000000001813001072002
2721432915812492000000001183002072008
2721432915812499000000025263003072003
2721432915812509000000003931007072012
2721432915812509000000025273007072002
2721432915812514000000020503008072001
2721432915812519000000003961010072001
2721432915812523000000011523013072005
2721432915812529000000020183014072001
2721432915812534000000014683015072001
2721432915812538000000004883016072001
2721432915812538000000004893016072001
2721432915812543000000001311016072012
2721432915812547000000000541017072001
2721432915812547000000001192017072005
2721432915812549000000004932017072001
2721432915812549000000005442017072001
2721432915812552000000000581020072001
2721432915812557000000008882022072001
2721432915812557000000015523022072005
2721432915812562000000019163023072003
2721432915812562000000019823023072003
2721432915812563000000000242023072005
2721432915812571000000003183027072001
2721432915812571000000004583027072011
2721432915812572000000001021027072012
2721432915812572000000009473027072003
2721432915812576000000000251028072012
2721432915812576000000001512028072003
2721432915812576000000004363028072003
2721432915812576000000005363028072003
2721432915812577000000002431028072001
2721432915812577000000009392028072005
2721432915812577000000023063028072001
2721432915812577000000025043028072008
2721432915812577000000037953028072003
2721432915812577000000038283028072001
2721432915812578000000000111028072001
2721432915812578000000001452028072001
2721432915812582000000007752029072003
2721432915812582000000007762029072003
2721432915812582000000010012029072001
2721432915812582000000010022029072001
2721432915812582000000015763029072005
2721432915812582000000015933029072003
2721432915812587000000004762030072011
2721432915812592000000002101031072001
2721432915812593000000000461031072012
2721432915812594000000000271031072012
2721432915812594000000000391031072012
2721432915855455000000003253001072008
2721432915855473000000002522007072001
2721432915855473000000005643007072003
2721432915855473000000007473007072003
2721432915855499000000002693010072008
2721432915855536000000003671021072001
2721432915855543000000002863022072003
2721432915855548000000003603022072001
2721432915855554000000000481024072005
2721432915855554000000004393024072003
2721432915855554000000004733024072005
2721432915855561000000000862027072005
2721432915855566000000000481028072005
2721432915855566000000003063028072011
2721432915855570000000002663029072002
2721432915855570000000002683029072003
2721432915855578000000008961030072012
2721432915855693000000006523005062008
2721432915855787000000010223030062008
2721432915858008000000008143001072005
2721432915858039000000006532006072011
2721432915858039000000012623006072008
2721432915858073000000007313008072008
2721432915858097000000001481013072008
2721432915858123000000001773015042008
2721432915858127000000002301015072001
2721432915858162000000000553021072001
2721432915858168000000001231022072012
2721432915858180000000003753023072003
2721432915858190000000001393024072001
2721432915858192000000005631024072005
2721432915858192000000009602024072005
2721432915858192000000013863024072002
2721432915858192000000014963024072003
2721432915858197000000000543027072001
2721432915858203000000000503027072003
2721432915858213000000000412028072012
2721432915858214000000004452028072003
2721432915858214000000007993028072003
2721432915858225000000003733029072006
2721432915858230000000000261030072012
2721432915858449000000002953029052008
2721432915858636000000000273024062001
2721432915858658000000034453029062001
2721432915858661000000000122026062001
2721432915858662000000000083026062002
2721432915858665000000007873026062008
2721432915860008000000002283001072011
2721432915860008000000002903001072008
2721432915860013000000000233001072002
2721432915860018000000022113001072008
2721432915860025000000000663003072008
2721432915860029000000005323003072008
2721432915860029000000008703003072008
2721432915860029000000009083003072008
2721432915860039000000009791006072001
2721432915860039000000028433006072008
2721432915860039000000031503006072005
2721432915860039000000032503006072008
2721432915860040000000003283006072008
2721432915860071000000003993008072008
2721432915860071000000004143008072008
2721432915860071000000005371008072005
2721432915860071000000013213008072008
2721432915860071000000018453008072008
2721432915860071000000019303008072005
2721432915860071000000019393008072008
2721432915860081000000001013010072008
2721432915860101000000007241014072001
2721432915860101000000010032014072003
2721432915860143000000009032020072001
2721432915860143000000012383020072001
2721432915860153000000000181021072012
2721432915860153000000005111021072012
2721432915860153000000009522021072001
2721432915860162000000004081022072012
2721432915860162000000009533022072001
2721432915860171000000000253024042008
2721432915860174000000002533023072003
2721432915860174000000012073023072001
2721432915860183000000000433024072002
2721432915860184000000018202024072005
2721432915860184000000022862024072005
2721432915860184000000023002024072001
2721432915860184000000036963024072002
2721432915860184000000036973024072002
2721432915860184000000037053024072002
2721432915860184000000038103024072001
2721432915860184000000041183024072001
2721432915860184000000045613024072002
2721432915860189000000001463028042008
2721432915860194000000004553027072003
2721432915860194000000017613027072001
2721432915860194000000017623027072001
2721432915860194000000019393027072003
2721432915860204000000005053028072002
2721432915860204000000019223028072002
2721432915860204000000019603028072003
2721432915860204000000020893028072003
2721432915860215000000001373029072003
2721432915860216000000000593004052008
2721432915860243000000001603006052008
2721432915860358000000000263021052008
2721432915860463000000002183005062008
2721432915860471000000001113008062008
2721432915860477000000000713011091908
2721432915860483000000001083009062008
2721432915860503000000003353010062008
2721432915860532000000010242016062005
2721432915860550000000027503017062008
2721432915860559000000000533019062008
2721432915860602000000018393024062012
2721432915860614000000012993026062008
2721432915860624000000014653029062008
2721432915860624000000017313029062008
2721432915860629000000000273030062008
310000000185
