1141020200304
2721432915812457000000009183024062005
2721432915812557000000013993022072008
2721432915812558000000000852022072008
2721432915812566000000004223024072001
2721432915812602000000004312004082008
2721432915812607000000017392005082008
2721432915812611000000004243006082001
2721432915812612000000001271006082012
2721432915812612000000001281006082012
2721432915812617000000004342007082012
2721432915812622000000016403010082008
2721432915812628000000007192011082001
2721432915812633000000002571012082012
2721432915812641000000004233014082005
2721432915812649000000002291021082001
2721432915812651000000014853021082002
2721432915812651000000015673021082001
2721432915812656000000006123021082008
2721432915812665000000002851025082001
2721432915812665000000016343025082003
2721432915812665000000024183025082012
2721432915812666000000001862025082001
2721432915812688000000003433001092003
2721432915812690000000018903001092008
2721432915812690000000022893001092001
2721432915812701000000002573003092001
2721432915812717000000019473009092003
2721432915812717000000020043009092008
2721432915812722000000012593010092008
2721432915812727000000000091011092001
2721432915812727000000000141011092001
2721432915812734000000027633015092003
2721432915812734000000035203015092008
2721432915812737000000001581016092012
2721432915812738000000002203016092005
2721432915812744000000000301018092005
2721432915812746000000011952018092001
2721432915812746000000022753018092011
2721432915812748000000004593021092005
2721432915812755000000004983022092005
2721432915812757000000001481022092001
2721432915812757000000013003022092003
2721432915812765000000004753024092003
2721432915812766000000005942024092005
2721432915812766000000023163024092001
2721432915812768000000000622025092001
2721432915812780000000005283029092002
2721432915812781000000004493030092003
2721432915812781000000005153030092011
2721432915812786000000005492001102003
2721432915812796000000008252005102005
2721432915812796000000009983005102003
2721432915812796000000015903005102003
2721432915812800000000004043006102002
2721432915812801000000013562006102005
2721432915812801000000015973006102005
2721432915812801000000018103006102011
2721432915812801000000020013006102003
2721432915812802000000001822006102001
2721432915812806000000016093007102002
2721432915812806000000016113007102002
2721432915812811000000000281008102012
2721432915812811000000000291008102012
2721432915812811000000000301008102012
2721432915812811000000000311008102012
2721432915812811000000002621008102003
2721432915855454000000005423002102003
2721432915855461000000004163005102005
2721432915855471000000005883007102005
2721432915855622000000006853011082003
2721432915855622000000007223011082005
2721432915855665000000008483021082008
2721432915855665000000009073021082008
2721432915855675000000002303025082012
2721432915855675000000002813025082005
2721432915855680000000001052026082012
2721432915855687000000000403028082012
2721432915855687000000002892004062008
2721432915855701000000003693001092008
2721432915855701000000006293001092001
2721432915855752000000002433016092008
2721432915855752000000005303016092008
2721432915855759000000000862018092001
2721432915855759000000003431018092001
2721432915855759000000004612018092001
2721432915855788000000004723025092003
2721432915855788000000009243025092003
2721432915855795000000001323028092005
2721432915855795000000002483028092003
2721432915855799000000003841029092001
2721432915858041000000000352006102001
2721432915858133000000000413017072005
2721432915858180000000002152023072005
2721432915858192000000013473024072008
2721432915858214000000006553028072008
2721432915858282000000006543005082008
2721432915858313000000001841010082005
2721432915858322000000000643011082001
2721432915858323000000008723011082012
2721432915858335000000005283012082008
2721432915858364000000000273019082008
2721432915858395000000010623021082001
2721432915858418000000000302026082011
2721432915858439000000001943028082008
2721432915858439000000002961028082001
2721432915858440000000017403028082003
2721432915858440000000018423028082008
2721432915858523000000000703010092008
2721432915858526000000000303010092005
2721432915858534000000001133014092008
2721432915858548000000000953015092008
2721432915858558000000000803016092002
2721432915858564000000000142016092003
2721432915858582000000000333017092008
2721432915858642000000000261025092012
2721432915858676000000001831029062012
2721432915860006000000000733002102003
2721432915860013000000016353002102002
2721432915860013000000017323002102003
2721432915860013000000019103002102008
2721432915860023000000014312002102001
2721432915860023000000025683002102003
2721432915860023000000026253002102001
2721432915860023000000027353002102003
2721432915860023000000029573002102005
2721432915860023000000032033002102003
2721432915860028000000000583005102001
2721432915860033000000008692005102005
2721432915860033000000015013005102001
2721432915860043000000024383006102001
2721432915860043000000024853006102003
2721432915860056000000003333007102003
2721432915860056000000010413007102012
2721432915860056000000015573007102003
2721432915860067000000008191008102012
2721432915860067000000013332008102001
2721432915860121000000024983015072008
2721432915860126000000027653017042008
2721432915860162000000009433022072008
2721432915860182000000001603024072008
2721432915860184000000013971024072005
2721432915860186000000009183028042012
2721432915860187000000000013027072008
2721432915860194000000020853027072008
2721432915860214000000012083029072005
2721432915860236000000000983031072008
2721432915860277000000000733006082008
2721432915860280000000000613007082005
2721432915860282000000008412007082001
2721432915860282000000021643007082003
2721432915860300000000000783011082003
2721432915860308000000024823011082003
2721432915860317000000013133012082001
2721432915860317000000023833012082008
2721432915860330000000017743013082008
2721432915860332000000000762014082005
2721432915860337000000000613014082008
2721432915860340000000008761014082012
2721432915860340000000016362014082001
2721432915860340000000021023014082005
2721432915860340000000022483014082008
2721432915860340000000027713014082005
2721432915860341000000001202017082008
2721432915860351000000006222019082005
2721432915860362000000018563020082008
2721432915860377000000027623021082008
2721432915860377000000028073021082002
2721432915860381000000002192024082008
2721432915860408000000019193026082008
2721432915860420000000023893027082008
2721432915860429000000001233028082008
2721432915860439000000017053031082011
2721432915860439000000017673031082008
2721432915860448000000024583001092003
2721432915860448000000026343001092008
2721432915860448000000027343001092002
2721432915860455000000001093002092008
2721432915860455000000001103002092008
2721432915860466000000000583003092008
2721432915860466000000001143003092008
2721432915860466000000001173003092008
2721432915860471000000000422004092011
2721432915860472000000001523004092008
2721432915860477000000000463004092008
2721432915860479000000001082008092001
2721432915860486000000002883008092008
2721432915860486000000011653008092008
2721432915860486000000011893008092008
2721432915860486000000020893008092008
2721432915860503000000017383010092008
2721432915860503000000017483010092002
2721432915860503000000023843010092008
2721432915860503000000025213010092008
2721432915860504000000001183009092008
2721432915860509000000014983010092008
2721432915860513000000027513014092008
2721432915860513000000032633014092005
2721432915860513000000032923014092008
2721432915860513000000036873014092008
2721432915860513000000037503014092011
2721432915860527000000017833015092005
2721432915860527000000024793015092008
2721432915860527000000025803015092008
2721432915860527000000026193015092008
2721432915860532000000000333015092008
2721432915860538000000025283016092008
2721432915860538000000027373016092003
2721432915860538000000027943016092003
2721432915860538000000029393016092002
2721432915860544000000000323016092008
2721432915860544000000000373016092003
2721432915860544000000000473016092008
2721432915860549000000012882018092008
2721432915860549000000018423018092008
2721432915860556000000000433017092008
2721432915860556000000000893017092008
2721432915860561000000012252018092008
2721432915860562000000000011018092001
2721432915860579000000018373022092005
2721432915860590000000015113023092001
2721432915860590000000020623023092002
2721432915860590000000024693023092001
2721432915860600000000008412023092008
2721432915860611000000001373024092003
2721432915860615000000019593025092011
2721432915860625000000001773028092003
2721432915860633000000002043029092003
2721432915860638000000001273029092005
2721432915860641000000015473029092001
2721432915860648000000001203030092008
2721432915860649000000016003030092001
2721432915860649000000016343030092001
310000000232
