1161020200305
2721432915811562000000013672029101913
2721432915812187000000012933002042001
2721432915812227000000012483014042002
2721432915812303000000010202008052013
2721432915812494000000002993002072008
2721432915812548000000011392017072013
2721432915812562000000020843023072008
2721432915812576000000004403028072001
2721432915812577000000032623028072008
2721432915812612000000013883006082003
2721432915812617000000005132007082001
2721432915812622000000005502010082008
2721432915812637000000003153017082001
2721432915812638000000020263017082008
2721432915812638000000023453017082008
2721432915812638000000028613017082008
2721432915812647000000011523021082001
2721432915812647000000015343021082005
2721432915812651000000012633021082008
2721432915812656000000000611021082005
2721432915812656000000004473021082001
2721432915812657000000003703021082005
2721432915812660000000008702024082001
2721432915812663000000003153024082012
2721432915812663000000003163024082012
2721432915812665000000007912025082005
2721432915812670000000002801026082012
2721432915812670000000019873026082003
2721432915812677000000000083028082005
2721432915812680000000011473028082008
2721432915812681000000000502028082008
2721432915812685000000004842031082005
2721432915812685000000013893031082008
2721432915812688000000000521001092001
2721432915812690000000009262001092005
2721432915812695000000016013002092011
2721432915812701000000000762003092008
2721432915812711000000003433008092008
2721432915812717000000011782009092008
2721432915812717000000024493009092008
2721432915812718000000000621009092001
2721432915812718000000004403009092012
2721432915812722000000014813010092001
2721432915812728000000014563011092003
2721432915812731000000001831014092012
2721432915812731000000012333014092002
2721432915812731000000013413014092008
2721432915812734000000022643015092008
2721432915812734000000031433015092008
2721432915812734000000035573015092008
2721432915812737000000021733016092008
2721432915812741000000010092017092008
2721432915812741000000025593017092001
2721432915812741000000026513017092008
2721432915812746000000020853018092005
2721432915812746000000022213018092005
2721432915812746000000022663018092008
2721432915812748000000000741021092012
2721432915812751000000002941021092012
2721432915812751000000020793021092008
2721432915812751000000022653021092008
2721432915812752000000002413021092005
2721432915812752000000002643021092001
2721432915812755000000002533022092001
2721432915812755000000002543022092001
2721432915812755000000002553022092001
2721432915812757000000008402022092005
2721432915812761000000013663023092005
2721432915812761000000017283023092011
2721432915812765000000000421024092001
2721432915812765000000002182024092013
2721432915812779000000001863029092011
2721432915812791000000003973002102001
2721432915812792000000007692002102005
2721432915812795000000004733005102005
2721432915812796000000001361005102001
2721432915812796000000015303005102003
2721432915812801000000025383006102001
2721432915812801000000025653006102001
2721432915812802000000002202006102001
2721432915812802000000003983006102003
2721432915812806000000000741007102001
2721432915812806000000008662007102003
2721432915812806000000009133007102001
2721432915812806000000016073007102011
2721432915812810000000005503008102003
2721432915812811000000006852008102005
2721432915812811000000016333008102005
2721432915812811000000016733008102003
2721432915812812000000000592008102005
2721432915812821000000012632013102003
2721432915812826000000004201014102003
2721432915855461000000002953005102001
2721432915855471000000003443007102002
2721432915855471000000003743007102002
2721432915855483000000003122009102003
2721432915855483000000003412009102002
2721432915855483000000003532009102008
2721432915855566000000004893027012001
2721432915855611000000001512007082012
2721432915855627000000004822012082001
2721432915855632000000002943013082001
2721432915855643000000004243017082008
2721432915855648000000001613018082008
2721432915855655000000005753019082008
2721432915855665000000003573021082005
2721432915855671000000000583024082008
2721432915855686000000003013026082008
2721432915855691000000010942028082008
2721432915855691000000012973028082012
2721432915855691000000013733028082008
2721432915855701000000004063001092001
2721432915855707000000003883002092008
2721432915855707000000006423027022002
2721432915855745000000005523016092008
2721432915855747000000005102016092001
2721432915855753000000004103017092008
2721432915855753000000004113017092008
2721432915855759000000006573018092008
2721432915855759000000008293018092008
2721432915855766000000000671021092012
2721432915855773000000010273022092008
2721432915855780000000000011023092001
2721432915855788000000002883025092003
2721432915855795000000001613028092005
2721432915855795000000005943028092011
2721432915855799000000004281029092001
2721432915855799000000004782029092001
2721432915855799000000005453029092001
2721432915855805000000001472030092005
2721432915855805000000004523030092001
2721432915855805000000006382030092005
2721432915855811000000000171030092001
2721432915858003000000000191001072001
2721432915858036000000000293006102001
2721432915858060000000000493008102003
2721432915858060000000000503008102003
2721432915858115000000000233015072001
2721432915858180000000002813023072001
2721432915858192000000009572024072013
2721432915858192000000009582024072013
2721432915858243000000006653031072003
2721432915858254000000002103003082008
2721432915858254000000002403003082005
2721432915858312000000000693010082001
2721432915858313000000006383010082003
2721432915858323000000014353011082008
2721432915858350000000000233014082008
2721432915858366000000000201019082001
2721432915858369000000002031019082001
2721432915858395000000002201021082005
2721432915858407000000008253027052008
2721432915858422000000009293026082008
2721432915858439000000007963028082008
2721432915858440000000016833028082008
2721432915858444000000000103028082008
2721432915858513000000003271008092001
2721432915858532000000000593011092012
2721432915858541000000000533014092012
2721432915858546000000000973015092008
2721432915858618000000004122022062005
2721432915858631000000000853023062008
2721432915860013000000017463002102003
2721432915860016000000000053002102001
2721432915860020000000000693002102012
2721432915860020000000001053002102002
2721432915860023000000001042002102001
2721432915860023000000012562002102005
2721432915860023000000024513002102002
2721432915860023000000024623002102003
2721432915860023000000030633002102008
2721432915860023000000032183002102001
2721432915860033000000011183005102002
2721432915860033000000014683005102011
2721432915860033000000015353005102003
2721432915860039000000030913006072011
2721432915860043000000005901006102001
2721432915860043000000008051006102001
2721432915860043000000009392006102005
2721432915860043000000009572006102005
2721432915860043000000017633006102011
2721432915860043000000022613006102002
2721432915860043000000022633006102002
2721432915860043000000022653006102002
2721432915860043000000024003006102003
2721432915860043000000026303006102002
2721432915860048000000001163007102002
2721432915860056000000007572007102001
2721432915860056000000013483007102002
2721432915860056000000015673007102002
2721432915860067000000005453008102003
2721432915860067000000015173008102005
2721432915860067000000027523008102003
2721432915860071000000018703008072008
2721432915860080000000000171013102001
2721432915860121000000012482015072013
2721432915860175000000016533024042008
2721432915860204000000006751028072005
2721432915860247000000044303003082008
2721432915860254000000000793004082001
2721432915860265000000005033005082008
2721432915860265000000007242005082008
2721432915860278000000026233006082008
2721432915860308000000028233011082008
2721432915860317000000017803012082002
2721432915860340000000006493014082008
2721432915860340000000023173014082008
2721432915860340000000025763014082008
2721432915860340000000029483014082008
2721432915860351000000011633019082008
2721432915860357000000001073020082012
2721432915860360000000000293020082008
2721432915860360000000000383020082008
2721432915860371000000000133021082008
2721432915860377000000009182021082008
2721432915860387000000000042024082005
2721432915860390000000012663025082001
2721432915860390000000013253025082008
2721432915860390000000013603025082008
2721432915860392000000000453025082008
2721432915860406000000000363028022008
2721432915860408000000012633026082003
2721432915860408000000017783026082008
2721432915860409000000000631026082005
2721432915860417000000000373027082008
2721432915860420000000004473027082008
2721432915860420000000006041027082005
2721432915860420000000014623027082011
2721432915860420000000023863027082008
2721432915860430000000005273028082008
2721432915860451000000001373002092008
2721432915860455000000000263002092008
2721432915860456000000004711002092001
2721432915860456000000020293002092008
2721432915860469000000018363003092008
2721432915860469000000021273003092008
2721432915860469000000021363003092008
2721432915860472000000000803004092008
2721432915860472000000001343004092008
2721432915860484000000000303008092008
2721432915860486000000000973008092005
2721432915860486000000009682008092008
2721432915860498000000009622011032013
2721432915860503000000002653010062008
2721432915860509000000008763010092001
2721432915860509000000013343010092008
2721432915860509000000014593010092010
2721432915860509000000015173010092008
2721432915860513000000012712014092005
2721432915860513000000017992014092008
2721432915860527000000007681015092012
2721432915860527000000015773015092001
2721432915860527000000023013015092008
2721432915860527000000025543015092008
2721432915860527000000025833015092008
2721432915860538000000011792016092005
2721432915860538000000022353016092002
2721432915860538000000027113016092003
2721432915860538000000029713016092008
2721432915860538000000030213016092008
2721432915860544000000000353016092008
2721432915860544000000000563016092008
2721432915860556000000000693017092008
2721432915860561000000025223018092008
2721432915860561000000025663018092008
2721432915860561000000025933018092008
2721432915860566000000001033018092008
2721432915860566000000001113018092008
2721432915860566000000001583018092008
2721432915860569000000005121021092005
2721432915860569000000015163021092008
2721432915860569000000015993021092008
2721432915860569000000020843021092008
2721432915860569000000023053021092008
2721432915860569000000023613021092012
2721432915860585000000000143022092008
2721432915860585000000000193022092008
2721432915860585000000000263022092008
2721432915860592000000001163023092005
2721432915860592000000001173023092005
2721432915860592000000001183023092005
2721432915860592000000008082024062001
2721432915860610000000001243024092001
2721432915860641000000013233029092001
2721432915860641000000018123029092011
2721432915860649000000001713030092001
2721432915860649000000011443030092003
2721432915860649000000018813030092001
310000000288
