1311020200303
2721432915811305000000003721020081901
2721432915811461000000000331030091901
2721432915812438000000002161018062005
2721432915812523000000015193013072011
2721432915812562000000009852023072008
2721432915812582000000005822029072005
2721432915812611000000002012006082008
2721432915812621000000002282010082001
2721432915812637000000004113017082008
2721432915812639000000004273017082008
2721432915812649000000026023021082005
2721432915812651000000001721021082001
2721432915812682000000000622031082008
2721432915812685000000008472031082001
2721432915812690000000018533001092008
2721432915812695000000017263002092008
2721432915812700000000017383003092003
2721432915812700000000022483003092001
2721432915812700000000024403003092001
2721432915812708000000004622004092008
2721432915812708000000015893004092002
2721432915812717000000014382009092008
2721432915812722000000016663010092008
2721432915812724000000008353010092008
2721432915812737000000024613016092008
2721432915812737000000025233016092008
2721432915812741000000025113017092008
2721432915812742000000001943017092001
2721432915812751000000019443021092008
2721432915812761000000003561023092006
2721432915812761000000009353023092012
2721432915812768000000001053025092005
2721432915812776000000016453028092008
2721432915812776000000017063028092001
2721432915812786000000000701001102012
2721432915812786000000014903001102008
2721432915812786000000018723001102008
2721432915812791000000003733002102002
2721432915812801000000003501006102005
2721432915812801000000011402006102008
2721432915812801000000027363006102001
2721432915812807000000000953007102001
2721432915812821000000024603013102005
2721432915812826000000019173014102011
2721432915812826000000020813014102005
2721432915812830000000003003015102001
2721432915812842000000001921019102012
2721432915812842000000001931019102012
2721432915812844000000000071019102001
2721432915812844000000012663019102003
2721432915812850000000008412020102001
2721432915812850000000009032020102001
2721432915812850000000012333020102005
2721432915812850000000012343020102001
2721432915812850000000015623020102001
2721432915812850000000016343020102002
2721432915812850000000017623020102001
2721432915812854000000001292021102001
2721432915812855000000007552021102005
2721432915812855000000011652021102011
2721432915812855000000016303021102005
2721432915812860000000017203022102001
2721432915812863000000000422023102003
2721432915812864000000004023023102012
2721432915812864000000004753023102002
2721432915812864000000004763023102002
2721432915812867000000006612026102005
2721432915812867000000013173026102003
2721432915812867000000020923026102003
2721432915812869000000004353026102002
2721432915812869000000004473026102003
2721432915812873000000007002027102001
2721432915812873000000012473027102002
2721432915812873000000019553027102002
2721432915812879000000000151028102002
2721432915812882000000000071029102002
2721432915812883000000000041029102005
2721432915812883000000002381029102012
2721432915812883000000002681029102003
2721432915855461000000006562005102001
2721432915855461000000006572005102001
2721432915855495000000003023014102005
2721432915855520000000003851020102001
2721432915855526000000009343021102002
2721432915855542000000001322026102003
2721432915855547000000001703027102003
2721432915855547000000002393027102002
2721432915855557000000002031028102002
2721432915855557000000019251028102005
2721432915855557000000019551028102001
2721432915855622000000005493011082008
2721432915855627000000002173012082008
2721432915855627000000002543012082008
2721432915855643000000008303017082005
2721432915855686000000001343026082003
2721432915855691000000001021028082012
2721432915855701000000007393001092005
2721432915855745000000001122016092008
2721432915855747000000000832016092005
2721432915855747000000002033016092008
2721432915855747000000006713016092005
2721432915855766000000003963021092008
2721432915855788000000005983025092005
2721432915855790000000001073025092001
2721432915855790000000002243025092008
2721432915855795000000005143028092008
2721432915855795000000006753028092008
2721432915855811000000000161030092012
2721432915858017000000000263002102002
2721432915858049000000003542007072005
2721432915858102000000000153014102001
2721432915858141000000000753020102005
2721432915858192000000014273024072001
2721432915858214000000000223028102003
2721432915858323000000010113011082008
2721432915858380000000000243020082008
2721432915858380000000000253020082008
2721432915858395000000002701021082001
2721432915858395000000004272021082008
2721432915858417000000000803021022001
2721432915858471000000000371001092012
2721432915858513000000004241008092001
2721432915858513000000012503008092008
2721432915858606000000000773022092008
2721432915858627000000000593023092005
2721432915858676000000000092030092008
2721432915860013000000012343002102008
2721432915860020000000000273002102008
2721432915860023000000004971002102005
2721432915860023000000020283002102008
2721432915860023000000023503002102003
2721432915860023000000023513002102005
2721432915860023000000027603002102003
2721432915860023000000028013002102008
2721432915860023000000029493002102008
2721432915860023000000029953002102008
2721432915860030000000000153005102008
2721432915860030000000000803005102008
2721432915860033000000003663005102008
2721432915860033000000017453005102008
2721432915860043000000005283006102003
2721432915860056000000013123007102005
2721432915860067000000006453008102008
2721432915860067000000024003008102001
2721432915860097000000021663014102001
2721432915860097000000021673014102001
2721432915860099000000000813015102005
2721432915860109000000011222014102001
2721432915860109000000023953014102003
2721432915860126000000014713019102011
2721432915860126000000015353019102011
2721432915860126000000017423019102011
2721432915860126000000020083019102001
2721432915860136000000007573020102002
2721432915860136000000028283020102001
2721432915860136000000031313020102001
2721432915860136000000031643020102001
2721432915860136000000031733020102003
2721432915860136000000032633020102001
2721432915860153000000021433021072008
2721432915860167000000000563023102003
2721432915860171000000000013023102005
2721432915860173000000000773023102003
2721432915860176000000012683023102002
2721432915860176000000016433023102003
2721432915860176000000018843023102002
2721432915860176000000019263023102005
2721432915860179000000000921026102005
2721432915860180000000001173026102001
2721432915860184000000000123026102001
2721432915860184000000000693026102003
2721432915860184000000028383024072008
2721432915860187000000002193026102001
2721432915860187000000005831026102003
2721432915860187000000013863026102002
2721432915860187000000015323026102011
2721432915860187000000015633026102001
2721432915860187000000016123026102003
2721432915860187000000017013026102005
2721432915860187000000017533026102003
2721432915860187000000017933026102005
2721432915860195000000000183027102003
2721432915860196000000006751027102005
2721432915860196000000010782027102003
2721432915860196000000011893027102007
2721432915860196000000012193027102001
2721432915860196000000012243027102001
2721432915860196000000015723027102003
2721432915860208000000001772028102005
2721432915860214000000014583029072008
2721432915860220000000005331029102002
2721432915860270000000008222005082005
2721432915860282000000020893007082008
2721432915860287000000000363007082008
2721432915860306000000000092011082008
2721432915860308000000023793011082008
2721432915860308000000026383011082008
2721432915860318000000000293012082008
2721432915860340000000026693014082008
2721432915860345000000002263019082012
2721432915860351000000017593019082008
2721432915860357000000001583020082008
2721432915860362000000018473020082008
2721432915860369000000000081021082012
2721432915860390000000018693025082008
2721432915860390000000023143025082002
2721432915860403000000000733026082008
2721432915860403000000000743026082008
2721432915860408000000021533026082002
2721432915860420000000004332027082008
2721432915860420000000006371027082001
2721432915860439000000020363031082008
2721432915860439000000020483031082008
2721432915860441000000002113001092008
2721432915860456000000015963002092008
2721432915860466000000000253003092008
2721432915860469000000019113003092008
2721432915860486000000018283008092003
2721432915860503000000019103010092008
2721432915860503000000025223010092008
2721432915860513000000012832014092011
2721432915860513000000030293014092008
2721432915860513000000037133014092008
2721432915860522000000000683014092001
2721432915860527000000005991015092001
2721432915860527000000008592015092008
2721432915860527000000025513015092008
2721432915860538000000005433016092008
2721432915860538000000022943016092002
2721432915860538000000030143016092008
2721432915860538000000030603016092008
2721432915860549000000021373018092008
2721432915860549000000025763018092008
2721432915860556000000000483017092008
2721432915860561000000025643018092008
2721432915860561000000025653018092008
2721432915860569000000004633021092008
2721432915860579000000017103022092008
2721432915860590000000019873023092008
2721432915860590000000020673023092007
2721432915860595000000000443023092008
2721432915860595000000000533023092008
2721432915860595000000000893023092008
2721432915860600000000019563023092008
2721432915860610000000001233024092008
2721432915860615000000005181025092001
2721432915860620000000000393025092008
2721432915860620000000001363025092008
2721432915860620000000001483025092008
2721432915860620000000001563025092008
2721432915860641000000021223029092008
2721432915860648000000000882030092008
2721432915860649000000003273030092011
2721432915860649000000003993030092008
2721432915860649000000014773030092008
2721432915860649000000018893030092008
2721432915860653000000002393030092008
310000000257
