1070820200304
2721432915811308000000004583020081901
2721432915811522000000032383017101901
2721432915811648000000073043022111901
2721432915811649000000029463021111901
2721432915811677000000001743027111901
2721432915811989000000018233013022001
2721432915812037000000010813027022008
2721432915812115000000009562017032001
2721432915812198000000002643006042012
2721432915812234000000008762015042001
2721432915812367000000000951028052008
2721432915812389000000000573002062005
2721432915812411000000001301009062001
2721432915812411000000016813009062008
2721432915812421000000012893012062001
2721432915812423000000001472012062008
2721432915812430000000000271016062001
2721432915812432000000008903016062001
2721432915812432000000011063016062001
2721432915812440000000001932018062008
2721432915812443000000002981018062001
2721432915812450000000018303023062002
2721432915812468000000014873026062008
2721432915812478000000019343029062005
2721432915812479000000000281029062001
2721432915812483000000001561030062001
2721432915812483000000012213030062008
2721432915812490000000001653001072008
2721432915812508000000004433007072005
2721432915812509000000009482007072008
2721432915812509000000028953007072008
2721432915812510000000003693007072005
2721432915812512000000000741008072005
2721432915812513000000003823008072008
2721432915812517000000004213010072008
2721432915812517000000004293010072008
2721432915812519000000009752010072001
2721432915812522000000003263013072008
2721432915812533000000004433015072001
2721432915812534000000006282015072008
2721432915812534000000010743015072002
2721432915812539000000021123016072005
2721432915812539000000023593016072003
2721432915812539000000026503016072003
2721432915812542000000000641016072001
2721432915812543000000012043016072011
2721432915812543000000013593016072012
2721432915812548000000001641017072001
2721432915812548000000004181017072001
2721432915812548000000014443017072005
2721432915812548000000015243017072012
2721432915812549000000009613017072011
2721432915812555000000004233021072005
2721432915812557000000017953022072005
2721432915812561000000004143023072003
2721432915812562000000017743023072002
2721432915812562000000019423023072001
2721432915812562000000021913023072003
2721432915812567000000010283024072005
2721432915812568000000001223024072011
2721432915812572000000003222027072005
2721432915812572000000011133027072011
2721432915812577000000037553028072005
2721432915812577000000038623028072003
2721432915812577000000039703028072001
2721432915812577000000040113028072005
2721432915812578000000001092028072012
2721432915812578000000001512028072003
2721432915812581000000003703029072005
2721432915812582000000004191029072001
2721432915812582000000008262029072005
2721432915812582000000011223029072002
2721432915812582000000014623029072011
2721432915812582000000016913029072001
2721432915812587000000018133030072005
2721432915812587000000018303030072002
2721432915812589000000000823030072005
2721432915812592000000001351031072001
2721432915812592000000010783031072005
2721432915812592000000012943031072002
2721432915812594000000000883031072001
2721432915812599000000001383003082001
2721432915812602000000000581004082001
2721432915812602000000017803004082001
2721432915812607000000004281005082001
2721432915812607000000009051005082003
2721432915812608000000000141005082012
2721432915812608000000000551005082001
2721432915812608000000000561005082001
2721432915855455000000009433001072008
2721432915855469000000001272003072008
2721432915855469000000005623003072008
2721432915855479000000006533008072008
2721432915855483000000002043008042001
2721432915855510000000004493014072008
2721432915855520000000002273015072005
2721432915855543000000003613022072005
2721432915855554000000007443024072011
2721432915855562000000000013028072005
2721432915855566000000004043028072012
2721432915855566000000004953028072005
2721432915855566000000004963028072005
2721432915855578000000004103030072005
2721432915855578000000007693030072003
2721432915855578000000007863030072003
2721432915855578000000009081030072001
2721432915855578000000010463030072005
2721432915855583000000006493031072002
2721432915855583000000007723031072003
2721432915855590000000004473003082002
2721432915855596000000003873004082003
2721432915855596000000004741004082005
2721432915855596000000004891004082002
2721432915858003000000000343001072008
2721432915858008000000007103001072008
2721432915858008000000013773001072008
2721432915858029000000000383003072008
2721432915858034000000000652006072008
2721432915858035000000000413006072001
2721432915858039000000005572006072008
2721432915858039000000011353006072008
2721432915858049000000001823007072008
2721432915858073000000008103008072003
2721432915858073000000010553013012001
2721432915858084000000000283010072005
2721432915858144000000003223020042008
2721432915858168000000000031022072001
2721432915858179000000000553023072001
2721432915858180000000003513023072003
2721432915858192000000008402024072001
2721432915858214000000007433028072001
2721432915858214000000007533028072001
2721432915858214000000008643028072003
2721432915858225000000005543029072011
2721432915858230000000000523030072005
2721432915858243000000002491031072005
2721432915858243000000005793031072001
2721432915858243000000006053031072011
2721432915858243000000006663031072003
2721432915858243000000008763031072003
2721432915858248000000000913031072001
2721432915858254000000000173003082001
2721432915858266000000000011004082001
2721432915858271000000000671004082001
2721432915858282000000001841005082001
2721432915858282000000001941005082001
2721432915858317000000000101012052008
2721432915858318000000003573012052001
2721432915858407000000007963027052008
2721432915858407000000010883027052008
2721432915858538000000003682010062008
2721432915858563000000000011013032001
2721432915858583000000009223016062001
2721432915858618000000002503022062008
2721432915858618000000010063022062008
2721432915858658000000025702029062001
2721432915858658000000037693029062008
2721432915858658000000053163029062008
2721432915858676000000006953029062008
2721432915858677000000001093029062008
2721432915858696000000011733026121901
2721432915860002000000000833001072005
2721432915860039000000007463006072008
2721432915860039000000013142006072008
2721432915860039000000023853006072001
2721432915860039000000028403006072008
2721432915860039000000031443006072008
2721432915860039000000031983006072008
2721432915860039000000032353006072008
2721432915860049000000005613007072008
2721432915860049000000006253007072008
2721432915860049000000012942007072008
2721432915860049000000018843007072008
2721432915860049000000021543007072008
2721432915860049000000024083007072008
2721432915860049000000024133007072008
2721432915860071000000013583008072008
2721432915860071000000019283008072008
2721432915860081000000000373010072008
2721432915860081000000000513010072008
2721432915860081000000000533010072008
2721432915860083000000004813010072008
2721432915860083000000005433010072008
2721432915860083000000011632010072008
2721432915860083000000017433010072008
2721432915860083000000018633010072008
2721432915860083000000022123010072008
2721432915860088000000000863013072008
2721432915860093000000003813013072008
2721432915860093000000009053013072001
2721432915860093000000010643013072008
2721432915860100000000000193014072008
2721432915860111000000017153015072011
2721432915860121000000005453015072005
2721432915860121000000018823015072005
2721432915860142000000000743020072011
2721432915860143000000005851020072001
2721432915860153000000008272021072012
2721432915860153000000013633021072001
2721432915860153000000017013021072005
2721432915860163000000006932023042001
2721432915860174000000004001023072012
2721432915860184000000028373024072008
2721432915860184000000030163024072012
2721432915860184000000036553024072005
2721432915860184000000041633024072012
2721432915860202000000001313028072002
2721432915860204000000014473028072001
2721432915860204000000019373028072001
2721432915860214000000002942029072001
2721432915860214000000003931029072001
2721432915860214000000012443029072001
2721432915860226000000002191030072001
2721432915860226000000007633030072005
2721432915860226000000008183030072003
2721432915860237000000001193006052001
2721432915860237000000015923031072002
2721432915860237000000015933031072003
2721432915860237000000016123031072002
2721432915860237000000017203031072003
2721432915860247000000012461003082001
2721432915860247000000025483003082003
2721432915860247000000026393003082002
2721432915860247000000039233003082003
2721432915860247000000039243003082003
2721432915860255000000000041004082001
2721432915860255000000000162004082001
2721432915860257000000004681004082001
2721432915860257000000004691004082001
2721432915860257000000004891004082001
2721432915860257000000006031004082003
2721432915860257000000011133004082003
2721432915860257000000018703004082002
2721432915860488000000001993010032008
2721432915860495000000005402010062008
2721432915860495000000009123010062008
2721432915860519000000013693013032001
2721432915860522000000004622015062008
2721432915860522000000026023015062003
2721432915860532000000009772016062008
2721432915860532000000011213016062008
2721432915860539000000011572016062008
2721432915860541000000001343017062012
2721432915860550000000017373017062008
2721432915860562000000014373019062008
2721432915860562000000019763019062008
2721432915860582000000017483023062008
2721432915860582000000017523023062008
2721432915860588000000000363024062008
2721432915860602000000018273024062008
2721432915860614000000015033026062008
2721432915860624000000013053029062008
2721432915860629000000000123030062008
2721432915860629000000000133030062008
2721432915860633000000008952030062008
2721432915860633000000013853030062003
2721432915860633000000015203030062008
310000000257
