1201020200306
2721432915811976000000003223011022008
2721432915812056000000006163003032008
2721432915812324000000011623013052002
2721432915812423000000004093012062008
2721432915812435000000003473017062001
2721432915812529000000020373014072001
2721432915812543000000012233016072005
2721432915812549000000010763017072003
2721432915812566000000000691024072001
2721432915812577000000026003028072001
2721432915812593000000004152031072001
2721432915812618000000001653007082008
2721432915812628000000004432011082011
2721432915812632000000000721012082012
2721432915812632000000002543012082003
2721432915812643000000020453014082011
2721432915812647000000000231021082012
2721432915812649000000028363021082003
2721432915812651000000009753021082003
2721432915812656000000005263021082005
2721432915812660000000014003024082008
2721432915812665000000008022025082008
2721432915812665000000016393025082003
2721432915812680000000014103028082008
2721432915812690000000024463001092008
2721432915812693000000000631002092008
2721432915812700000000028823003092008
2721432915812703000000000521004092012
2721432915812704000000000511004092012
2721432915812708000000011313004092008
2721432915812709000000002273004092008
2721432915812711000000000761008092012
2721432915812713000000003151008092008
2721432915812713000000008172008092008
2721432915812713000000016903008092011
2721432915812713000000018133008092008
2721432915812717000000015122009092008
2721432915812717000000027653009092003
2721432915812735000000002802015092002
2721432915812735000000003792015092008
2721432915812737000000010632016092001
2721432915812737000000021053016092011
2721432915812741000000014173017092012
2721432915812741000000019623017092001
2721432915812746000000012882018092008
2721432915812746000000020423018092005
2721432915812751000000010792021092008
2721432915812757000000010042022092008
2721432915812765000000002943024092001
2721432915812766000000014423024092003
2721432915812770000000004033025092005
2721432915812771000000007992025092008
2721432915812780000000004723029092003
2721432915812781000000002543030092003
2721432915812781000000003143030092001
2721432915812792000000008402002102001
2721432915812792000000014713002102005
2721432915812796000000011093005102011
2721432915812800000000001852006102001
2721432915812801000000019873006102001
2721432915812806000000012883007102005
2721432915812806000000017503007102002
2721432915812806000000018323007102012
2721432915812809000000000953008102003
2721432915812810000000000731008102012
2721432915812812000000000151008102001
2721432915812816000000012443009102001
2721432915812816000000012883009102002
2721432915812817000000000452009102001
2721432915812819000000002773013102001
2721432915812819000000004243013102001
2721432915812826000000000151014102003
2721432915812826000000000541014102003
2721432915812826000000002791014102001
2721432915812826000000018053014102003
2721432915812826000000025453014102003
2721432915812826000000026093014102003
2721432915812831000000002701015102003
2721432915812831000000007752015102002
2721432915812831000000018693015102003
2721432915812837000000002561016102003
2721432915812837000000002571016102003
2721432915812837000000003271016102003
2721432915855471000000003533007102002
2721432915855476000000002392008102001
2721432915855491000000002572013102003
2721432915855491000000002933013102005
2721432915855491000000002943013102005
2721432915855495000000005751014102012
2721432915855500000000000301015102003
2721432915855578000000008163030072003
2721432915855601000000003113005082008
2721432915855622000000007083011082003
2721432915855643000000008033017082002
2721432915855643000000008683017082008
2721432915855643000000010463017082008
2721432915855643000000012243017082008
2721432915855665000000001782021082008
2721432915855680000000000681026082008
2721432915855691000000009963028082008
2721432915855691000000012423028082008
2721432915855707000000000221002092008
2721432915855707000000003772027022008
2721432915855752000000002393016092002
2721432915855752000000004833016092008
2721432915855773000000005753022092008
2721432915855784000000002072018032008
2721432915855790000000004983025092005
2721432915855805000000007743030092001
2721432915855811000000005183030092001
2721432915858036000000000011006102001
2721432915858036000000000431006102001
2721432915858051000000000543007102001
2721432915858087000000000563013102003
2721432915858107000000000313014102003
2721432915858119000000005343015072008
2721432915858162000000007393021072001
2721432915858168000000002442022072001
2721432915858197000000000883027072008
2721432915858275000000000283005082008
2721432915858288000000000663006082008
2721432915858313000000003572010082008
2721432915858313000000005763010082008
2721432915858313000000006263010082001
2721432915858315000000001123011082012
2721432915858335000000007383012082001
2721432915858357000000009963014082005
2721432915858360000000000512017082008
2721432915858375000000000533020082012
2721432915858395000000002451021082012
2721432915858405000000006613025082008
2721432915858422000000001901026082012
2721432915858422000000010273026082008
2721432915858440000000002802028082005
2721432915858440000000002913028082008
2721432915858440000000004291028082008
2721432915858440000000005091028082012
2721432915858440000000018243028082003
2721432915858532000000000623011092008
2721432915858541000000000903014092008
2721432915858546000000000261015092001
2721432915858658000000027873029062005
2721432915858660000000000461029092001
2721432915860010000000001963002102001
2721432915860013000000016723002102012
2721432915860019000000000413002102003
2721432915860023000000008081002102001
2721432915860023000000017863002102011
2721432915860023000000023323002102003
2721432915860028000000000883005102011
2721432915860033000000011923005102012
2721432915860043000000005463006102002
2721432915860043000000022623006102002
2721432915860043000000023243006102003
2721432915860043000000023823006102008
2721432915860049000000000221007102012
2721432915860056000000004651007102012
2721432915860065000000001403008102003
2721432915860067000000018483008102003
2721432915860067000000025253008102011
2721432915860067000000026243008102003
2721432915860067000000027933008102003
2721432915860079000000000381013102010
2721432915860094000000000493014102003
2721432915860097000000004972014102002
2721432915860097000000006581014102001
2721432915860097000000013873014102005
2721432915860097000000017973014102001
2721432915860097000000026033014102003
2721432915860101000000020923014072003
2721432915860103000000001723014072008
2721432915860109000000008202014102005
2721432915860109000000021293014102003
2721432915860109000000021793014102003
2721432915860112000000001203015072008
2721432915860153000000011583021072002
2721432915860153000000020673021072008
2721432915860182000000001313024072008
2721432915860184000000046683024072008
2721432915860184000000047193024072008
2721432915860200000000000233029042001
2721432915860236000000000603031072008
2721432915860237000000007132031072008
2721432915860247000000038193003082008
2721432915860270000000019563005082008
2721432915860308000000018263011082008
2721432915860308000000018393011082008
2721432915860317000000010972012082008
2721432915860317000000014133012082003
2721432915860330000000014313013082008
2721432915860330000000016543013082008
2721432915860340000000029553014082002
2721432915860351000000004821019082001
2721432915860357000000001153020082008
2721432915860362000000018603020082008
2721432915860377000000029383021082003
2721432915860390000000015163025082002
2721432915860390000000020493025082011
2721432915860390000000022113025082003
2721432915860391000000002173025082003
2721432915860391000000002183025082003
2721432915860392000000000513025082008
2721432915860403000000000283026082008
2721432915860409000000001193026082002
2721432915860410000000000011026082001
2721432915860420000000011842027082008
2721432915860423000000001533028082001
2721432915860429000000000263028082008
2721432915860430000000023533028082008
2721432915860430000000023543028082008
2721432915860430000000023603028082008
2721432915860436000000000353031082008
2721432915860439000000003542031082008
2721432915860439000000008712031082001
2721432915860439000000011503031082001
2721432915860445000000000061001092008
2721432915860445000000000713001092008
2721432915860448000000022113001092005
2721432915860448000000023653001092008
2721432915860448000000026853001092008
2721432915860455000000000273002092008
2721432915860455000000001043002092008
2721432915860456000000015453002092005
2721432915860456000000017433002092008
2721432915860456000000017883002092008
2721432915860466000000000223003092008
2721432915860466000000000313003092008
2721432915860466000000000513003092008
2721432915860466000000000853003092008
2721432915860469000000004423003092005
2721432915860469000000019613003092001
2721432915860472000000000131004092008
2721432915860472000000001163004092008
2721432915860472000000001593004092008
2721432915860484000000000113008092008
2721432915860486000000005001008092008
2721432915860490000000003123008092003
2721432915860498000000000313009092008
2721432915860503000000023823010092008
2721432915860509000000014453010092008
2721432915860511000000139730120620708
2721432915860513000000029323014092008
2721432915860519000000000011014092012
2721432915860522000000000273014092008
2721432915860527000000015223015092003
2721432915860527000000019343015092005
2721432915860527000000020413015092003
2721432915860527000000022953015092008
2721432915860527000000025163015092008
2721432915860527000000025913015092008
2721432915860532000000000513015092008
2721432915860532000000000523015092008
2721432915860538000000005453016092008
2721432915860538000000013782016092001
2721432915860538000000015012016092008
2721432915860538000000022113016092008
2721432915860544000000000603016092008
2721432915860544000000001033016092008
2721432915860545000000000672018032008
2721432915860549000000027023018092008
2721432915860556000000000853017092008
2721432915860561000000021873018092008
2721432915860561000000024883018092008
2721432915860566000000000243018092008
2721432915860569000000016603021092008
2721432915860569000000020953021092008
2721432915860579000000009002022092005
2721432915860579000000018953022092008
2721432915860579000000019473022092008
2721432915860585000000000383022092005
2721432915860590000000004513023092008
2721432915860590000000005063023092008
2721432915860590000000010402023092008
2721432915860590000000021163023092001
2721432915860590000000024443023092008
2721432915860600000000019053023092008
2721432915860600000000019213023092008
2721432915860615000000004773025092008
2721432915860615000000005441025092012
2721432915860615000000018273025092005
2721432915860635000000000973030062008
2721432915860641000000012783029092012
2721432915860641000000016173029092012
2721432915860641000000018133029092011
310000000284
