1071020200303
2721432915812209000000000513008042012
2721432915812344000000017503020052008
2721432915812453000000001032023062008
2721432915812528000000000952014072008
2721432915812567000000003302024072008
2721432915812567000000012233024072008
2721432915812587000000005112030072008
2721432915812606000000001052005082008
2721432915812621000000000931010082001
2721432915812647000000016793021082001
2721432915812649000000019103021082005
2721432915812649000000029163021082001
2721432915812657000000003753021082001
2721432915812658000000002293021082001
2721432915812665000000010912025082008
2721432915812665000000010922025082008
2721432915812680000000017703028082005
2721432915812685000000010822031082008
2721432915812685000000022623031082008
2721432915812690000000014163001092008
2721432915812695000000005882002092005
2721432915812695000000011203002092001
2721432915812696000000000502002092001
2721432915812699000000003613003092005
2721432915812701000000000702003092008
2721432915812704000000002593004092008
2721432915812704000000003053004092008
2721432915812708000000016083004092011
2721432915812708000000019283004092008
2721432915812709000000000722004092001
2721432915812709000000000892004092001
2721432915812709000000001863004092002
2721432915812711000000004943008092008
2721432915812714000000000522008092001
2721432915812717000000001541009092001
2721432915812717000000027723009092003
2721432915812722000000017323010092008
2721432915812722000000018163010092001
2721432915812728000000019913011092002
2721432915812731000000012673014092011
2721432915812735000000007463015092003
2721432915812735000000009123015092002
2721432915812739000000002613017092005
2721432915812746000000017243018092008
2721432915812746000000022643018092012
2721432915812757000000020223022092003
2721432915812757000000020573022092003
2721432915812766000000018263024092002
2721432915812766000000021363024092008
2721432915812770000000004823025092003
2721432915812771000000005612025092005
2721432915812772000000001882025092001
2721432915812776000000013353028092006
2721432915812786000000017783001102003
2721432915812786000000018533001102005
2721432915812786000000018603001102003
2721432915855601000000007103005082008
2721432915855611000000009373007082002
2721432915855622000000002352011082008
2721432915855622000000003842011082001
2721432915855622000000006913011082005
2721432915855643000000008653017082008
2721432915855643000000011933017082005
2721432915855675000000006053025082008
2721432915855691000000002162028082008
2721432915855691000000010003028082008
2721432915855691000000012463028082008
2721432915855701000000001012001092008
2721432915855745000000000892016092001
2721432915855787000000010103030062003
2721432915855788000000008213025092005
2721432915855790000000004022025092002
2721432915855795000000001443028092005
2721432915855799000000003013029092005
2721432915855805000000000791030092006
2721432915857754000000008453015042005
2721432915857754000000008473015042005
2721432915857754000000008483015042005
2721432915858162000000003132021072005
2721432915858265000000000453004082008
2721432915858266000000000063004082001
2721432915858280000000000492005082008
2721432915858298000000003392007082008
2721432915858298000000008933007082008
2721432915858313000000007953010082008
2721432915858315000000001903011082008
2721432915858322000000000783011082008
2721432915858323000000009293011082008
2721432915858335000000007203012082001
2721432915858357000000001413014082001
2721432915858369000000005963019082003
2721432915858395000000009183021082003
2721432915858418000000000223026082001
2721432915858422000000007363026082001
2721432915858439000000002003028082008
2721432915858501000000000063004092001
2721432915858501000000000073004092001
2721432915858507000000000173008092008
2721432915858513000000010933008092012
2721432915858516000000000943009092008
2721432915858534000000001202014092003
2721432915858608000000000233022092012
2721432915858660000000000963029092003
2721432915858668000000000973029092003
2721432915858677000000000483030092003
2721432915858677000000000523030092003
2721432915860003000000000492002102002
2721432915860010000000001592002102002
2721432915860013000000012833002102002
2721432915860015000000001103002102003
2721432915860023000000031192002102003
2721432915860049000000020243007072005
2721432915860182000000000883024072008
2721432915860184000000015922024072001
2721432915860184000000017152024072008
2721432915860191000000001963027072008
2721432915860201000000000313028072008
2721432915860214000000015003029072008
2721432915860230000000007292005052008
2721432915860236000000000953031072008
2721432915860236000000001043031072008
2721432915860247000000013041003082001
2721432915860249000000016973006052008
2721432915860265000000009322008052008
2721432915860265000000014833005082008
2721432915860265000000016843005082003
2721432915860265000000016853005082003
2721432915860278000000019363006082008
2721432915860278000000022753006082008
2721432915860282000000022423007082001
2721432915860308000000018423011082008
2721432915860330000000020253013082008
2721432915860340000000018443014082008
2721432915860340000000034383014082001
2721432915860341000000002643017082005
2721432915860351000000017503019082005
2721432915860360000000000213020082003
2721432915860360000000000543020082008
2721432915860362000000017243020082003
2721432915860371000000000863021082008
2721432915860377000000017193021082012
2721432915860377000000023833021082002
2721432915860377000000027333021082005
2721432915860384000000000223024082008
2721432915860384000000000453024082008
2721432915860408000000008842026082008
2721432915860408000000020503026082008
2721432915860408000000021123026082005
2721432915860420000000015823027082003
2721432915860429000000000623028082008
2721432915860429000000001503028082008
2721432915860429000000001513028082008
2721432915860436000000000203031082008
2721432915860436000000000343031082008
2721432915860436000000000413031082008
2721432915860439000000020523031082008
2721432915860439000000020543031082008
2721432915860439000000020613031082008
2721432915860441000000001893001092008
2721432915860448000000019633001092008
2721432915860448000000029102001092001
2721432915860448000000029633001092008
2721432915860455000000000433002092008
2721432915860455000000000443002092008
2721432915860456000000014283002092008
2721432915860456000000014633002092008
2721432915860456000000016943002092002
2721432915860456000000017503002092008
2721432915860456000000019693002092003
2721432915860462000000002253003092008
2721432915860466000000000863003092008
2721432915860469000000006321003092001
2721432915860469000000017703003092001
2721432915860469000000020953003092001
2721432915860469000000020963003092001
2721432915860472000000001753004092008
2721432915860472000000002273004092008
2721432915860477000000002193004092008
2721432915860477000000002203004092008
2721432915860480000000001653008092008
2721432915860486000000019953008092008
2721432915860489000000000892008092008
2721432915860503000000002693010092001
2721432915860503000000019193010092005
2721432915860503000000021273010092002
2721432915860503000000023483010092008
2721432915860503000000023493010092008
2721432915860509000000008733010092008
2721432915860513000000012692014092001
2721432915860513000000015522014092001
2721432915860513000000032623014092005
2721432915860513000000037713014092008
2721432915860513000000037733014092008
2721432915860527000000006631015092012
2721432915860538000000028863016092003
2721432915860549000000005042018092003
2721432915860572000000023273020032008
2721432915860573000000002133023092003
2721432915860579000000014833022092011
2721432915860590000000021303023092001
2721432915860590000000025463023092003
2721432915860608000000001283024092003
2721432915860610000000001203024092012
2721432915860615000000009972025092001
2721432915860615000000022173025092003
2721432915860641000000019263029092002
2721432915860643000000001903030092003
2721432915860648000000001223030092003
2721432915860649000000013273030092003
2721432915860649000000016273030092002
2721432915860649000000017733030092003
310000000211
