1091020200303
2721432915812069000000000053006032008
2721432915812234000000014303015042008
2721432915812443000000010353018062001
2721432915812477000000000712029062001
2721432915812558000000000922022072008
2721432915812567000000012153024072008
2721432915812577000000025693028072002
2721432915812577000000032473028072003
2721432915812577000000035653028072003
2721432915812577000000045783028072001
2721432915812606000000000601005082005
2721432915812606000000000611005082005
2721432915812627000000000812011082001
2721432915812633000000021423012082008
2721432915812638000000025763017082008
2721432915812638000000026253017082001
2721432915812638000000027563017082005
2721432915812643000000001311014082012
2721432915812643000000017253014082011
2721432915812647000000005032021082001
2721432915812647000000007092021082001
2721432915812651000000007972021082003
2721432915812651000000014833021082011
2721432915812663000000001312024082001
2721432915812665000000000851025082012
2721432915812668000000001942025082001
2721432915812670000000000711026082003
2721432915812670000000024453026082002
2721432915812680000000009032028082003
2721432915812680000000018263028082003
2721432915812685000000005192031082012
2721432915812685000000009452031082008
2721432915812685000000019723031082003
2721432915812686000000002023031082008
2721432915812690000000020953001092002
2721432915812691000000000391001092012
2721432915812695000000016283002092008
2721432915812700000000011492003092001
2721432915812700000000020733003092003
2721432915812700000000024883003092008
2721432915812700000000025003003092003
2721432915812704000000003603004092001
2721432915812708000000019293004092008
2721432915812708000000019383004092008
2721432915812717000000023563009092008
2721432915812717000000031513009092003
2721432915812718000000003023009092001
2721432915812720000000000341010092005
2721432915812720000000002063010092005
2721432915812722000000012973010092008
2721432915812724000000002052010092001
2721432915812727000000001363011092001
2721432915812728000000015943011092002
2721432915812728000000017903011092002
2721432915812731000000011403014092005
2721432915812734000000016262015092003
2721432915812734000000021613015092012
2721432915812734000000034593015092003
2721432915812737000000016623016092005
2721432915812741000000001511017092012
2721432915812742000000001773017092001
2721432915812751000000008562021092001
2721432915812761000000013853023092003
2721432915812766000000000921024092003
2721432915812772000000002773025092005
2721432915812775000000004173028092001
2721432915812775000000004563028092001
2721432915812776000000017573028092003
2721432915812792000000007402002102001
2721432915812792000000014863002102012
2721432915812792000000016333002102003
2721432915812796000000012723005102002
2721432915812801000000010892006102003
2721432915812801000000010902006102003
2721432915812802000000001862006102001
2721432915812802000000001872006102001
2721432915812802000000001882006102003
2721432915812806000000002961007102005
2721432915812807000000000431007102001
2721432915855454000000002253002102003
2721432915855461000000003493005102001
2721432915855461000000003703005102011
2721432915855461000000005173005102003
2721432915855461000000005981005102005
2721432915855461000000008563005102003
2721432915855566000000001712028072008
2721432915855566000000002983028072011
2721432915855570000000002363029072011
2721432915855622000000004933011082008
2721432915855627000000001522012082001
2721432915855627000000001542012082001
2721432915855632000000002162013082005
2721432915855643000000009522017082005
2721432915855643000000011463017082001
2721432915855643000000011873017082002
2721432915855671000000002172024082008
2721432915855686000000000201026082001
2721432915855686000000000973026082011
2721432915855691000000005253028082001
2721432915855691000000005563028082008
2721432915855691000000007793028082011
2721432915855691000000007873028082008
2721432915855691000000012783028082005
2721432915855752000000001833016092003
2721432915855753000000003093017092001
2721432915855759000000002303018092003
2721432915855788000000008943025092005
2721432915855795000000000511028092005
2721432915855805000000006422030092005
2721432915855811000000000371030092005
2721432915855811000000001823030092003
2721432915858024000000000143005102003
2721432915858029000000000323003072008
2721432915858266000000000163004082008
2721432915858306000000000223010022001
2721432915858315000000001413011082003
2721432915858369000000002852019082002
2721432915858381000000000483020082008
2721432915858384000000003202020082001
2721432915858395000000003261021082012
2721432915858405000000008343025082008
2721432915858432000000000182027082001
2721432915858436000000004753027082001
2721432915858439000000002133028082008
2721432915858439000000010263028082008
2721432915858440000000003303028082002
2721432915858440000000016363028082001
2721432915858449000000002353028082008
2721432915858460000000001913031082001
2721432915858466000000000303001092008
2721432915858485000000000093003092005
2721432915858485000000000703030081901
2721432915858528000000000353004121901
2721432915858533000000000512014092008
2721432915858541000000000302014092001
2721432915858648000000000133025032008
2721432915858648000000000203025092001
2721432915858660000000000713029092003
2721432915858712000000000363030121901
2721432915860004000000000253001072008
2721432915860010000000002113002102002
2721432915860013000000019373002102003
2721432915860020000000000533002102003
2721432915860020000000001603002102003
2721432915860023000000005573002102003
2721432915860023000000006183002102003
2721432915860023000000020903002102003
2721432915860023000000026873002102001
2721432915860023000000027083002102002
2721432915860023000000031483002102002
2721432915860023000000031923002102001
2721432915860033000000013613005102003
2721432915860099000000001283015101901
2721432915860153000000020623021072008
2721432915860243000000001333006052008
2721432915860247000000031563003082008
2721432915860265000000016813005082003
2721432915860266000000001783012081901
2721432915860275000000000692006082005
2721432915860278000000015903006082008
2721432915860282000000019283007082001
2721432915860282000000021173007082008
2721432915860282000000021623007082008
2721432915860285000000014523012052008
2721432915860287000000000413007082008
2721432915860287000000000423007082008
2721432915860292000000016113012052008
2721432915860293000000000113010082008
2721432915860298000000001983012022008
2721432915860308000000005663011082001
2721432915860330000000015553013082002
2721432915860337000000000193014082008
2721432915860337000000000443014082003
2721432915860337000000000523014082008
2721432915860337000000000833014082008
2721432915860337000000000873014082008
2721432915860340000000012492014082012
2721432915860340000000029203014082012
2721432915860351000000012023019082001
2721432915860351000000015933019082008
2721432915860360000000000283020082008
2721432915860362000000015883020082012
2721432915860362000000018393020082008
2721432915860375000000002383025111901
2721432915860377000000010322021082001
2721432915860377000000018103021082008
2721432915860377000000029103021082008
2721432915860377000000029293021082008
2721432915860384000000000443024082008
2721432915860390000000024383025082008
2721432915860399000000001843026082003
2721432915860403000000000403026082008
2721432915860408000000022053026082008
2721432915860408000000022063026082008
2721432915860410000000013003028022008
2721432915860420000000016983027082008
2721432915860420000000023823027082008
2721432915860429000000000473028082008
2721432915860430000000022993028082008
2721432915860430000000023563028082008
2721432915860436000000000403031082008
2721432915860439000000015523031082001
2721432915860439000000015803031082008
2721432915860441000000002403001092008
2721432915860444000000018133004032008
2721432915860448000000021863001092008
2721432915860455000000000573002092008
2721432915860455000000000593002092008
2721432915860456000000003783002092008
2721432915860456000000004571002092005
2721432915860456000000004911002092012
2721432915860456000000009192002092008
2721432915860456000000019592002092005
2721432915860466000000000193003092008
2721432915860466000000000303003092008
2721432915860466000000000533003092008
2721432915860469000000021603003092008
2721432915860472000000000353004092008
2721432915860472000000000433004092008
2721432915860486000000004263008092008
2721432915860503000000016463010092008
2721432915860503000000019893010092005
2721432915860503000000020293010092003
2721432915860503000000024923010092003
2721432915860509000000011993010092003
2721432915860509000000013853010092003
2721432915860511000000000221011092012
2721432915860519000000000193014092001
2721432915860527000000013152015092001
2721432915860538000000006113016092002
2721432915860538000000021043016092008
2721432915860538000000029333016092003
2721432915860538000000030063016092008
2721432915860539000000019963016062008
2721432915860544000000000203016092008
2721432915860547000000001863024091901
2721432915860549000000007701018092012
2721432915860549000000021343018092003
2721432915860573000000001021021092001
2721432915860580000000001193022092002
2721432915860582000000015653023032008
2721432915860613000000017853026032008
2721432915860615000000005951025092012
2721432915860629000000000213028092003
2721432915860638000000000163029092002
2721432915860641000000015063029092008
2721432915860649000000016483030092003
2721432915860649000000018503030092008
2721432915860653000000001583030092001
310000000249
