1170920200302
2721432915812144000000000893024032005
2721432915812204000000002031007042005
2721432915812434000000024203017062001
2721432915812446000000001642022062008
2721432915812448000000003453022062008
2721432915812473000000011093026062013
2721432915812499000000015023003072013
2721432915812499000000015033003072013
2721432915812499000000015043003072013
2721432915812509000000019153007072013
2721432915812514000000013853008072013
2721432915812514000000013863008072013
2721432915812514000000013873008072013
2721432915812543000000009843016072013
2721432915812543000000009853016072013
2721432915812548000000014453017072013
2721432915812567000000007513024072013
2721432915812567000000007523024072013
2721432915812577000000030343028072008
2721432915812587000000012393030072013
2721432915812592000000008383031072013
2721432915812607000000011762005082003
2721432915812607000000020212005082008
2721432915812617000000012073007082013
2721432915812617000000012083007082013
2721432915812617000000012093007082013
2721432915812622000000005912010082012
2721432915812622000000024513010082003
2721432915812628000000016173011082011
2721432915812629000000003623011082008
2721432915812647000000011573021082001
2721432915812658000000000742021082008
2721432915812660000000011973024082008
2721432915812660000000012503024082008
2721432915812660000000018543024082003
2721432915812690000000021053001092012
2721432915812698000000000623003092005
2721432915812699000000001923003092005
2721432915812700000000015003003092005
2721432915812700000000015013003092005
2721432915812700000000015023003092005
2721432915812700000000015033003092005
2721432915812701000000001573003092005
2721432915812731000000007833014092003
2721432915812731000000007843014092002
2721432915812735000000000771015092001
2721432915855455000000002512001072008
2721432915855510000000003863014072003
2721432915855561000000003162027072008
2721432915855578000000011143030072008
2721432915855578000000011373030072008
2721432915855622000000002122011082008
2721432915858119000000000303015072013
2721432915858202000000003202027072008
2721432915858207000000000333028072008
2721432915858214000000008243028072008
2721432915858243000000005453031072008
2721432915858282000000008193005082008
2721432915858282000000008233005082008
2721432915858326000000000473012082008
2721432915858357000000012353014082008
2721432915858395000000011303021082003
2721432915858476000000000363002092011
2721432915858513000000002563008092011
2721432915858513000000013353008092005
2721432915858545000000000291015092002
2721432915858688000000000523030032008
2721432915860049000000023673007072008
2721432915860083000000018863010072001
2721432915860101000000005753014072008
2721432915860143000000021473020072008
2721432915860162000000006362022072008
2721432915860214000000014413029072008
2721432915860246000000000413003082008
2721432915860247000000014241003082008
2721432915860247000000025473003082008
2721432915860247000000033473003082008
2721432915860257000000003983004082008
2721432915860257000000013523004082008
2721432915860269000000000343005082008
2721432915860271000000000193011052008
2721432915860277000000000293006082003
2721432915860282000000021583007082008
2721432915860282000000021953007082008
2721432915860297000000011242010082008
2721432915860311000000000333012082008
2721432915860317000000020543012082012
2721432915860323000000001143013082008
2721432915860329000000000243013082008
2721432915860330000000020393013082008
2721432915860330000000020483013082008
2721432915860340000000029953014082012
2721432915860340000000032793014082008
2721432915860351000000003363019082008
2721432915860351000000011143019082008
2721432915860371000000000563021082003
2721432915860377000000024263021082008
2721432915860430000000026783028082003
2721432915860439000000016133031082001
2721432915860456000000009892002092003
2721432915860456000000019273002092002
2721432915860466000000001343003092011
2721432915860469000000019073003092003
2721432915860469000000021483003092003
2721432915860486000000018903008092001
2721432915860503000000021543010092001
2721432915860503000000021603010092003
2721432915860503000000024773010092002
2721432915860504000000000813009092002
2721432915860511000000001133011092002
2721432915860562000000015683019062008
310000000111
