1281120200303
2721432915811751000000001013012121901
2721432915812273000000002103027042001
2721432915812557000000019513022072001
2721432915812557000000021563022072001
2721432915812638000000029683017082001
2721432915812651000000002381021082008
2721432915812656000000001332021082003
2721432915812696000000000131002092001
2721432915812714000000001913008092001
2721432915812736000000001403016092008
2721432915812741000000021533017092005
2721432915812741000000022963017092001
2721432915812761000000007952023092008
2721432915812766000000013723024092008
2721432915812783000000001723030092008
2721432915812786000000015453001102001
2721432915812791000000002493002102005
2721432915812796000000004972005102003
2721432915812801000000029553006102008
2721432915812806000000011023007102005
2721432915812821000000021093013102008
2721432915812821000000024823013102008
2721432915812844000000017503019102011
2721432915812844000000018433019102008
2721432915812849000000004233020102012
2721432915812860000000017433022102008
2721432915812860000000021763022102003
2721432915812864000000003983023102008
2721432915812867000000008802026102008
2721432915812873000000008882027102008
2721432915812882000000003903029102001
2721432915812882000000004923029102008
2721432915812883000000013783029102008
2721432915812883000000017093029102008
2721432915812884000000000862029102008
2721432915812893000000008092003112001
2721432915812893000000009943003112001
2721432915812899000000005233004112008
2721432915812905000000000933006112005
2721432915812910000000002333006112003
2721432915812917000000003992009112001
2721432915812917000000007813009112005
2721432915812922000000002001010112001
2721432915812922000000005992010112001
2721432915812922000000009172010112005
2721432915812922000000021273010112001
2721432915812923000000000281010112012
2721432915812942000000002771016112001
2721432915812943000000003963016112001
2721432915812952000000012753017112005
2721432915812952000000019293017112012
2721432915812953000000002053017112001
2721432915812957000000002911018112012
2721432915812960000000000411019112012
2721432915812962000000011113019112002
2721432915812962000000012523019112001
2721432915812962000000014273019112003
2721432915812962000000015533019112003
2721432915812962000000016093019112012
2721432915812963000000000181019112008
2721432915812963000000000712019112008
2721432915812963000000001393019112005
2721432915812967000000023742023112001
2721432915812967000000025882023112003
2721432915812967000000029712023112003
2721432915812967000000032433023112001
2721432915812967000000038993023112005
2721432915812967000000039023023112001
2721432915812967000000039323023112003
2721432915812967000000048393023112003
2721432915812967000000049873023112003
2721432915812967000000052273023112003
2721432915812967000000052833023112001
2721432915812967000000056633023112002
2721432915812967000000057273023112012
2721432915812967000000057743023112002
2721432915812967000000063763023112003
2721432915812967000000063853023112003
2721432915812967000000064423023112002
2721432915812967000000065383023112003
2721432915812968000000007823023112002
2721432915812971000000005573024112003
2721432915812972000000000641024112005
2721432915812972000000002331024112001
2721432915812972000000021253024112012
2721432915812972000000023063024112001
2721432915812973000000002792024112003
2721432915812977000000003031025112001
2721432915812980000000000301026112012
2721432915812982000000001871026112001
2721432915812982000000001881026112001
2721432915812982000000001891026112001
2721432915855500000000002503015102008
2721432915855510000000003223014072001
2721432915855514000000001733015072008
2721432915855520000000005743020102008
2721432915855542000000001703026102001
2721432915855543000000006673022072008
2721432915855547000000009283027102008
2721432915855551000000003862028102008
2721432915855554000000001292024072003
2721432915855557000000010333028102008
2721432915855557000000010353028102008
2721432915855557000000013143028102011
2721432915855557000000016083028102008
2721432915855557000000024023028102008
2721432915855563000000002503030102008
2721432915855566000000003623028072008
2721432915855568000000006253003112008
2721432915855568000000008023003112003
2721432915855568000000011423003112008
2721432915855568000000018873003112008
2721432915855580000000017893006112011
2721432915855589000000005623009112002
2721432915855596000000004751004082008
2721432915855607000000002173013112012
2721432915855607000000004351013112012
2721432915855612000000005213013112001
2721432915855612000000006243013112001
2721432915855627000000006563012082011
2721432915855630000000000772023112001
2721432915855630000000002043023112002
2721432915855630000000002583023112003
2721432915855630000000007283023112003
2721432915855635000000001993023112003
2721432915855635000000002013023112003
2721432915855635000000006213023112003
2721432915855641000000000401024112003
2721432915855644000000003953025112001
2721432915855648000000000743025112001
2721432915855648000000006433025112003
2721432915855686000000001253026082008
2721432915855691000000002442028082008
2721432915855752000000001643016092008
2721432915855805000000008553030092008
2721432915855811000000002153030092008
2721432915858042000000000273006102008
2721432915858042000000000283006102008
2721432915858055000000000573007102008
2721432915858189000000000163026102008
2721432915858238000000000923030102008
2721432915858335000000003472012082008
2721432915858376000000000653018112003
2721432915858380000000001793018112005
2721432915858407000000011163027052008
2721432915858425000000000171025112012
2721432915858482000000000572002092008
2721432915858532000000000753011092008
2721432915858562000000009553013032008
2721432915858707000000015223026121901
2721432915860010000000000613002102008
2721432915860013000000014543002102008
2721432915860013000000016693002102008
2721432915860013000000019243002102008
2721432915860023000000026143002102008
2721432915860033000000001703005102001
2721432915860043000000017793006102008
2721432915860043000000022063006102012
2721432915860071000000014333008072005
2721432915860075000000000163009102008
2721432915860075000000002233009102008
2721432915860097000000023143014102008
2721432915860109000000021683014102008
2721432915860114000000005233015102008
2721432915860126000000013683019102005
2721432915860126000000015563019102001
2721432915860136000000007643020102008
2721432915860142000000000493020102008
2721432915860152000000000703021102008
2721432915860173000000000873023102008
2721432915860179000000001783026102008
2721432915860184000000000143026102008
2721432915860184000000000473026102008
2721432915860187000000010613026102008
2721432915860187000000017923026102008
2721432915860187000000019083026102008
2721432915860187000000019523026102008
2721432915860194000000016323027072008
2721432915860196000000007702027102008
2721432915860208000000008443028102008
2721432915860208000000012373028102008
2721432915860217000000000263003112008
2721432915860220000000021733029102008
2721432915860228000000001173030102008
2721432915860228000000001603030102008
2721432915860228000000001633030102005
2721432915860230000000008403030102008
2721432915860230000000026733030102008
2721432915860230000000027423030102008
2721432915860230000000032333030102006
2721432915860230000000041003030102008
2721432915860230000000041543030102008
2721432915860237000000000103003112008
2721432915860240000000006933003112005
2721432915860250000000029593004112001
2721432915860284000000018203009112005
2721432915860284000000026513009112008
2721432915860284000000027353009112005
2721432915860290000000000812010082008
2721432915860308000000016793011082008
2721432915860329000000000742013112001
2721432915860332000000001723016112003
2721432915860334000000000242016112005
2721432915860337000000011592016112001
2721432915860337000000021563016112003
2721432915860349000000016343017112003
2721432915860355000000001533018112001
2721432915860359000000014053018112001
2721432915860359000000014063018112005
2721432915860359000000021393018112001
2721432915860363000000000193018112003
2721432915860369000000012003018112001
2721432915860369000000018291018112012
2721432915860369000000022301018112001
2721432915860369000000032982018112001
2721432915860369000000040583018112005
2721432915860369000000066143018112001
2721432915860369000000067763018112003
2721432915860369000000068673018112003
2721432915860369000000068693018112003
2721432915860369000000069773018112003
2721432915860369000000070183018112001
2721432915860380000000007813023112003
2721432915860380000000008023023112002
2721432915860380000000008521023112012
2721432915860380000000012381023112012
2721432915860380000000022993023112001
2721432915860380000000025003023112001
2721432915860380000000030213023112003
2721432915860380000000033833023112002
2721432915860380000000034873023112002
2721432915860380000000038473023112003
2721432915860388000000000312024112001
2721432915860388000000000362024112002
2721432915860388000000003753024112003
2721432915860388000000005191024112001
2721432915860388000000009792024112003
2721432915860388000000010312024112003
2721432915860388000000012973024112003
2721432915860388000000013233024112003
2721432915860388000000020183024112003
2721432915860392000000000532024112001
2721432915860402000000005711025112012
2721432915860402000000020373025112003
2721432915860412000000004561025112001
2721432915860419000000006211025112003
2721432915860420000000022243027082008
2721432915860439000000016153031082008
2721432915860480000000001853008092008
2721432915860480000000001863008092008
2721432915860600000000014663023092003
2721432915860604000000000493024092008
2721432915860649000000004223030092008
310000000253
