1011020200303
2721432915812054000000004893003032008
2721432915812187000000000101002042001
2721432915812239000000000101016042001
2721432915812309000000054393011052005
2721432915812447000000015803022062001
2721432915812500000000003453003072001
2721432915812543000000013643016072005
2721432915812548000000025393017072008
2721432915812563000000000643023072001
2721432915812577000000046503028072008
2721432915812602000000017393004082001
2721432915812607000000042423005082005
2721432915812612000000018883006082008
2721432915812617000000015563007082008
2721432915812622000000014743010082005
2721432915812628000000015433011082003
2721432915812628000000018063011082008
2721432915812632000000003553012082001
2721432915812637000000003873017082005
2721432915812638000000027853017082002
2721432915812643000000000291014082010
2721432915812660000000014013024082008
2721432915812665000000023933025082008
2721432915812668000000004833025082001
2721432915812672000000001503026082001
2721432915812688000000000271001092003
2721432915812691000000001832001092008
2721432915812696000000000952002092001
2721432915812696000000000962002092001
2721432915812700000000007002003092005
2721432915812700000000020843003092003
2721432915812700000000025843003092012
2721432915812700000000028533003092001
2721432915812711000000000311008092003
2721432915812713000000008642008092005
2721432915812717000000005591009092012
2721432915812717000000015232009092001
2721432915812718000000004753009092003
2721432915812724000000005773010092003
2721432915812724000000007863010092001
2721432915812728000000017773011092001
2721432915812734000000006871015092012
2721432915812745000000003863018092005
2721432915812746000000003941018092003
2721432915812746000000017023018092008
2721432915812746000000021173018092003
2721432915812746000000022493018092001
2721432915812751000000006532021092003
2721432915812751000000016293021092008
2721432915812751000000016443021092005
2721432915812752000000002793021092003
2721432915812761000000016493023092001
2721432915812766000000014343024092001
2721432915812766000000020543024092002
2721432915812766000000023683024092002
2721432915812771000000003141025092005
2721432915812772000000001962025092003
2721432915812776000000000461028092001
2721432915812776000000016513028092003
2721432915855473000000010013007072008
2721432915855611000000005003007082008
2721432915855611000000008432007082008
2721432915855611000000008743007082008
2721432915855622000000006563011082005
2721432915855632000000000823013082003
2721432915855701000000002533001092008
2721432915855752000000001763016092003
2721432915855753000000003103017092001
2721432915855759000000002053018092002
2721432915855759000000006443018092011
2721432915855773000000004583022092003
2721432915855826000000010833026032008
2721432915858021000000001643002072008
2721432915858142000000000732020072001
2721432915858235000000002313030072001
2721432915858243000000006173031072008
2721432915858244000000000823031072008
2721432915858253000000000353003082008
2721432915858323000000010263011082003
2721432915858323000000010883011082002
2721432915858335000000008933012082008
2721432915858357000000011773014082002
2721432915858357000000012873014082008
2721432915858366000000000823019082008
2721432915858369000000006453019082008
2721432915858395000000010373021082003
2721432915858395000000011443021082002
2721432915858395000000012073021082008
2721432915858405000000007513025082001
2721432915858405000000009263025082003
2721432915858422000000004582026082001
2721432915858440000000015703028082008
2721432915858449000000002003028082008
2721432915858450000000000452028082008
2721432915858460000000000742031082003
2721432915858527000000008733010032008
2721432915858534000000001073014092012
2721432915858594000000000543021092003
2721432915858601000000000912021092003
2721432915858618000000012583022062008
2721432915860152000000000423021072008
2721432915860153000000015903021072008
2721432915860174000000005552023072008
2721432915860184000000023422024072005
2721432915860194000000015813027072008
2721432915860236000000000213031072008
2721432915860247000000009593003082005
2721432915860247000000043523003082008
2721432915860259000000000983005082001
2721432915860265000000004673005082008
2721432915860265000000016253005082008
2721432915860269000000000423005082008
2721432915860292000000001863010082005
2721432915860293000000000323010082008
2721432915860297000000017043010082008
2721432915860306000000000123011082008
2721432915860308000000001042011082001
2721432915860308000000028043011082008
2721432915860308000000028053011082008
2721432915860311000000031292013111901
2721432915860317000000018483012082008
2721432915860317000000022953012082008
2721432915860330000000000632013082001
2721432915860330000000015413013082003
2721432915860340000000001012014082001
2721432915860340000000001022014082001
2721432915860340000000018893014082008
2721432915860340000000032853014082008
2721432915860351000000014493019082001
2721432915860362000000009562020082008
2721432915860377000000024753021082008
2721432915860381000000001201024082012
2721432915860391000000001683025082003
2721432915860392000000000323025082008
2721432915860408000000009682026082001
2721432915860410000000000102026082001
2721432915860420000000005273027082001
2721432915860420000000021373027082008
2721432915860429000000000523028082008
2721432915860429000000001313028082008
2721432915860430000000019163028082012
2721432915860439000000010833031082001
2721432915860441000000001993001092008
2721432915860445000000000203001092008
2721432915860448000000001022001092001
2721432915860448000000017933001092012
2721432915860448000000028733001092003
2721432915860448000000029663001092008
2721432915860456000000000522002092001
2721432915860456000000011263002092005
2721432915860469000000004393003092008
2721432915860469000000010292003092001
2721432915860469000000020623003092008
2721432915860471000000000973008062008
2721432915860509000000008933010092002
2721432915860509000000011063010092005
2721432915860511000000000763011092011
2721432915860513000000008233014092003
2721432915860513000000036203014092001
2721432915860527000000008622015092012
2721432915860527000000012162015092011
2721432915860527000000019253015092005
2721432915860527000000024883015092001
2721432915860529000000000291015092012
2721432915860538000000025833016092008
2721432915860538000000026583016092002
2721432915860549000000016583018092003
2721432915860549000000020943018092003
2721432915860549000000024593018092003
2721432915860549000000025633018092001
2721432915860556000000000073017092003
2721432915860561000000005313018092008
2721432915860569000000004653021092005
2721432915860569000000020943021092003
2721432915860569000000022283021092003
2721432915860579000000004193022092003
2721432915860579000000017163022092002
2721432915860585000000000943022092011
2721432915860588000000000383024062001
2721432915860590000000017053023092003
2721432915860590000000025203023092011
2721432915860600000000007282023092003
2721432915860600000000016833023092003
2721432915860608000000001193024092005
2721432915860608000000001203024092005
2721432915860611000000001133024092005
2721432915860615000000004953025092001
310000000187
