1280820200302
2721432915812168000000002353030032001
2721432915812329000000010443014052008
2721432915812414000000001292009062008
2721432915812426000000013263015062008
2721432915812447000000019153022062008
2721432915812498000000002243003072001
2721432915812502000000001013006072008
2721432915812522000000001362013072008
2721432915812543000000014453016072002
2721432915812565000000000012024072008
2721432915812567000000010753024072005
2721432915812582000000016463029072002
2721432915812587000000004962030072008
2721432915812592000000009663031072008
2721432915812592000000010243031072001
2721432915812611000000001842006082008
2721432915812612000000009102006082005
2721432915812633000000009512012082005
2721432915812633000000018173012082012
2721432915812633000000018813012082001
2721432915812641000000000621014082003
2721432915812647000000003151021082012
2721432915812647000000003271021082012
2721432915812649000000021213021082001
2721432915812651000000014703021082002
2721432915812656000000004823021082002
2721432915812660000000009953024082001
2721432915812660000000009963024082001
2721432915812662000000000582024082005
2721432915812662000000000622024082005
2721432915812673000000000501026082005
2721432915855543000000000892022072008
2721432915855554000000000992024072008
2721432915855561000000002123027072008
2721432915855578000000006053030072008
2721432915855578000000007933030072008
2721432915855590000000001983003082008
2721432915855611000000003173007082005
2721432915855611000000007662007082001
2721432915855627000000004073012082001
2721432915855632000000000402013082001
2721432915855643000000006283017082008
2721432915855643000000006293017082008
2721432915855643000000009902017082001
2721432915855671000000002433024082001
2721432915858039000000010533006072002
2721432915858097000000005973013072008
2721432915858179000000000743023072008
2721432915858192000000012433024072008
2721432915858198000000000043027072001
2721432915858243000000006313031072008
2721432915858323000000011153011082001
2721432915858400000000000143024082002
2721432915858407000000010583027052008
2721432915858554000000005722012062008
2721432915858658000000054302029062008
2721432915860008000000003843001072008
2721432915860018000000013503001072001
2721432915860039000000013162006072008
2721432915860039000000028903006072008
2721432915860049000000020113007072008
2721432915860057000000000343008072008
2721432915860071000000019523008072008
2721432915860083000000022063010072008
2721432915860093000000012393013072008
2721432915860093000000012403013072008
2721432915860101000000025473014072008
2721432915860107000000000143015072008
2721432915860107000000000233015072008
2721432915860111000000016523015072008
2721432915860133000000001013017072008
2721432915860133000000001282017072008
2721432915860142000000000453020072005
2721432915860143000000013413020072008
2721432915860162000000003321022072008
2721432915860173000000000083023072003
2721432915860173000000000763023072008
2721432915860184000000010583024072008
2721432915860184000000031123024072008
2721432915860184000000039833024072008
2721432915860184000000045633024072003
2721432915860193000000000103027072008
2721432915860193000000000623027072008
2721432915860194000000017133027072008
2721432915860194000000020583027072001
2721432915860223000000000093030072008
2721432915860223000000000463030072008
2721432915860223000000000523030072008
2721432915860236000000000733031072008
2721432915860236000000000743031072008
2721432915860237000000012233031072008
2721432915860247000000009003003082008
2721432915860247000000032303003082003
2721432915860247000000039093003082008
2721432915860257000000012323004082008
2721432915860278000000018993006082005
2721432915860290000000001073010082002
2721432915860325000000004363018052008
2721432915860330000000016653013082003
2721432915860337000000000683014082003
2721432915860361000000001563019022002
2721432915860377000000004583021082002
2721432915860377000000016393021082003
2721432915860408000000003911026082001
2721432915860476000000009193008062008
2721432915860516000000001132015062008
2721432915860522000000026213015062008
2721432915860546000000000603017062008
310000000108
