1191120200305
2721432915812309000000032153011052008
2721432915812322000000000673013052001
2721432915812388000000011213002062002
2721432915812400000000000573004062001
2721432915812529000000012443014072008
2721432915812567000000009233024072008
2721432915812604000000002253004082008
2721432915812651000000012993021082012
2721432915812651000000013233021082001
2721432915812680000000015243028082008
2721432915812685000000016933031082008
2721432915812695000000015543002092001
2721432915812696000000000692002092008
2721432915812722000000014473010092012
2721432915812746000000020473018092008
2721432915812746000000020483018092008
2721432915812751000000009992021092001
2721432915812775000000004763028092008
2721432915812787000000001442001102008
2721432915812792000000005882002102008
2721432915812795000000001792005102008
2721432915812796000000009463005102008
2721432915812806000000015493007102012
2721432915812806000000016513007102008
2721432915812811000000019383008102008
2721432915812825000000005033014102007
2721432915812825000000005043014102007
2721432915812826000000015253014102008
2721432915812836000000003883016102011
2721432915812837000000010452016102008
2721432915812841000000004103019102001
2721432915812842000000005202019102008
2721432915812844000000005482019102001
2721432915812850000000019213020102008
2721432915812855000000021583021102008
2721432915812855000000022163021102008
2721432915812855000000024173021102003
2721432915812855000000031433021102002
2721432915812859000000005323022102005
2721432915812860000000009672022102008
2721432915812861000000002173022102001
2721432915812864000000001632023102008
2721432915812867000000017473026102002
2721432915812873000000017543027102001
2721432915812874000000003553027102003
2721432915812877000000000031028102001
2721432915812878000000012113028102001
2721432915812878000000012773028102005
2721432915812878000000014393028102008
2721432915812883000000014633029102005
2721432915812883000000015783029102003
2721432915812883000000018413029102001
2721432915812884000000002033029102008
2721432915812888000000009673030102003
2721432915812893000000017303003112002
2721432915812899000000002782004112005
2721432915812899000000005153004112005
2721432915812899000000005483004112001
2721432915812903000000003032005112001
2721432915812908000000002083006112008
2721432915812910000000001172006112001
2721432915812915000000001301009112012
2721432915812915000000026953009112001
2721432915812917000000006743009112011
2721432915812920000000003003010112001
2721432915812920000000004253010112005
2721432915812920000000005193010112002
2721432915812922000000001191010112012
2721432915812922000000006872010112005
2721432915812922000000011832010112005
2721432915812922000000018363010112001
2721432915812922000000024913010112003
2721432915812925000000004623011112002
2721432915812927000000001901011112005
2721432915812927000000009883011112003
2721432915812928000000002032011112005
2721432915812935000000001883013112005
2721432915812936000000000703013112001
2721432915812936000000000713013112001
2721432915812937000000002331013112012
2721432915812937000000011863013112001
2721432915812942000000002681016112001
2721432915812942000000003731016112005
2721432915812942000000003921016112007
2721432915812945000000000991016112006
2721432915812950000000000791017112006
2721432915812952000000000591017112001
2721432915812952000000000961017112002
2721432915812952000000001191017112005
2721432915812952000000001291017112012
2721432915812952000000002301017112001
2721432915855476000000003093008102008
2721432915855483000000003542009102008
2721432915855483000000005703009102008
2721432915855491000000004623013102008
2721432915855506000000001513015102008
2721432915855506000000002193015102008
2721432915855520000000003453020102008
2721432915855520000000007123020102008
2721432915855526000000001951021102005
2721432915855532000000001062021102008
2721432915855532000000001703021102008
2721432915855542000000005123026102008
2721432915855547000000002173027102005
2721432915855557000000012973028102005
2721432915855557000000013493028102007
2721432915855557000000014703028102003
2721432915855557000000016833028102005
2721432915855557000000025233028102001
2721432915855568000000003842003112001
2721432915855568000000017373003112003
2721432915855580000000014973006112003
2721432915855589000000002732009112005
2721432915855589000000002742009112005
2721432915855589000000003802009112002
2721432915855589000000005833009112003
2721432915855591000000004823011112003
2721432915855597000000000013011112003
2721432915855607000000004821013112006
2721432915855622000000002011017112003
2721432915855745000000005713016092008
2721432915855773000000007992022092001
2721432915855778000000002533023092001
2721432915855778000000003203023092001
2721432915855805000000000992030092008
2721432915855811000000001353030092006
2721432915857754000000001123015042008
2721432915858043000000001173006102008
2721432915858097000000005093013072005
2721432915858128000000001283019102008
2721432915858197000000000783027072001
2721432915858248000000006223031072001
2721432915858254000000002463003082008
2721432915858307000000000583010082008
2721432915858325000000001023011112011
2721432915858338000000000263013082005
2721432915858359000000000141017112007
2721432915858395000000007183021082008
2721432915858405000000004902025082008
2721432915858461000000000253031082001
2721432915858583000000007103016062008
2721432915858658000000051943029062008
2721432915860013000000004601002102008
2721432915860013000000019043002102008
2721432915860013000000019483002102008
2721432915860013000000019553002102008
2721432915860033000000015883005102008
2721432915860049000000007771007072008
2721432915860056000000008673007102012
2721432915860056000000014603007102008
2721432915860067000000005823008102008
2721432915860067000000026523008102008
2721432915860068000000000433008102008
2721432915860085000000000093013102008
2721432915860094000000000683014102008
2721432915860097000000017813014102008
2721432915860104000000000273014102005
2721432915860111000000008073015042008
2721432915860111000000017313015072008
2721432915860126000000020373019102008
2721432915860130000000000303019102008
2721432915860130000000001513019102008
2721432915860136000000007673020102008
2721432915860136000000031923020102005
2721432915860136000000032943020102008
2721432915860139000000000792020102008
2721432915860142000000000133020102008
2721432915860143000000010032020072008
2721432915860148000000005383021102008
2721432915860148000000005651021102001
2721432915860148000000024583021102008
2721432915860152000000000133021102008
2721432915860165000000019613022102008
2721432915860165000000021523022102008
2721432915860165000000023043022102008
2721432915860173000000000113023102008
2721432915860173000000000153023102008
2721432915860173000000000253023102008
2721432915860173000000000353023102008
2721432915860173000000000393023102008
2721432915860173000000000733023102008
2721432915860173000000000953023102008
2721432915860173000000001253023102008
2721432915860176000000019293023102008
2721432915860176000000023443023102008
2721432915860176000000023583023102008
2721432915860184000000040033024072008
2721432915860194000000008352027072001
2721432915860196000000000703028072001
2721432915860196000000001023028072008
2721432915860214000000003563029072005
2721432915860226000000006183030072002
2721432915860230000000018012030102001
2721432915860230000000018502030102001
2721432915860230000000018602030102001
2721432915860230000000019312030102006
2721432915860230000000021943030102008
2721432915860230000000033573030102001
2721432915860230000000034893030102008
2721432915860230000000036753030102005
2721432915860250000000028253004112002
2721432915860250000000030913004112003
2721432915860250000000033313004112001
2721432915860256000000000583004082008
2721432915860257000000002473004082005
2721432915860257000000018473004082008
2721432915860263000000000593005082005
2721432915860269000000020833006112001
2721432915860269000000033383006112001
2721432915860270000000011853005082001
2721432915860274000000001492006112005
2721432915860275000000000483006112002
2721432915860282000000016393007082008
2721432915860284000000022583009112001
2721432915860287000000000603007082008
2721432915860294000000004072010112001
2721432915860294000000009933010112011
2721432915860314000000011642011112005
2721432915860314000000014593011112003
2721432915860314000000021813011112002
2721432915860314000000022573011112003
2721432915860317000000023703012082008
2721432915860330000000020453013082008
2721432915860332000000000511016112005
2721432915860337000000005521016112001
2721432915860337000000005611016112012
2721432915860340000000014872014082001
2721432915860340000000026253014082008
2721432915860340000000034673014082008
2721432915860349000000004441017112012
2721432915860349000000004501017112002
2721432915860349000000016253017112003
2721432915860387000000000762024082008
2721432915860417000000000253027082008
2721432915860433000000000922031082008
2721432915860433000000002323031082008
2721432915860448000000007941001092001
2721432915860448000000022463001092001
2721432915860469000000005611003092001
2721432915860486000000015333008092008
2721432915860513000000029833014092008
2721432915860530000000001352016062005
2721432915860569000000020333021092008
2721432915860579000000017143022092003
2721432915860590000000008562023092008
2721432915860620000000002223025092008
2721432915860629000000000553028092008
2721432915860633000000017303030062008
2721432915860638000000000353029092008
2721432915860638000000001413029092008
2721432915860641000000012373029092008
310000000251
