1180820200303
2721432915812115000000019403017032005
2721432915812143000000002403024032001
2721432915812163000000012223027032003
2721432915812260000000010553022042008
2721432915812337000000002913019052008
2721432915812446000000001401022062011
2721432915812451000000003253023062001
2721432915812453000000004363023062001
2721432915812472000000003843026062008
2721432915812482000000000581030062001
2721432915812488000000001572001072008
2721432915812498000000003263003072008
2721432915812499000000014463003072008
2721432915812499000000014903003072005
2721432915812508000000003923007072008
2721432915812509000000013732007072001
2721432915812514000000020093008072005
2721432915812514000000022323008072008
2721432915812519000000014863010072008
2721432915812523000000020853013072008
2721432915812529000000018433014072001
2721432915812529000000020143014072001
2721432915812538000000003593016072012
2721432915812539000000015843016072008
2721432915812539000000023573016072001
2721432915812541000000000863016072008
2721432915812543000000003742016072008
2721432915812546000000000231017072001
2721432915812546000000000241017072001
2721432915812547000000002242017072005
2721432915812547000000005713017072008
2721432915812552000000000731020072012
2721432915812562000000006592023072001
2721432915812562000000014753023072005
2721432915812562000000018353023072012
2721432915812572000000003662027072001
2721432915812572000000004692027072005
2721432915812572000000007333027072001
2721432915812577000000004211028072005
2721432915812578000000000762028072005
2721432915812579000000002143028072001
2721432915812582000000009192029072001
2721432915812582000000016103029072002
2721432915812586000000003903030072008
2721432915812587000000016413030072005
2721432915812587000000017063030072001
2721432915812593000000000751031072012
2721432915812593000000000881031072005
2721432915812597000000000321003082012
2721432915812597000000005803003082011
2721432915812601000000000571004082001
2721432915812602000000014663004082005
2721432915812606000000003713005082001
2721432915812607000000031713005082003
2721432915812607000000032583005082001
2721432915812607000000035743005082001
2721432915812607000000037903005082012
2721432915812612000000014213006082005
2721432915812616000000000171007082001
2721432915812616000000002753007082001
2721432915812617000000003671007082001
2721432915812617000000011953007082005
2721432915812617000000017093007082011
2721432915812617000000018513007082001
2721432915812621000000005493010082005
2721432915812621000000005503010082005
2721432915812622000000009352010082001
2721432915812622000000014843010082005
2721432915812622000000020973010082003
2721432915812623000000000391010082012
2721432915812626000000001873011082001
2721432915812627000000000011011082001
2721432915812627000000003223011082003
2721432915812628000000004502011082001
2721432915812628000000009473011082001
2721432915812628000000010833011082003
2721432915812628000000016653011082002
2721432915812629000000003463011082002
2721432915812631000000000431012082001
2721432915812632000000001372012082003
2721432915812633000000019103012082003
2721432915812633000000019143012082003
2721432915812642000000000511014082002
2721432915812643000000004751014082001
2721432915855469000000005093003072008
2721432915855473000000001802007072008
2721432915855479000000002143008072011
2721432915855492000000000813010072008
2721432915855536000000005973021072008
2721432915855543000000004093022072008
2721432915855543000000007213022072008
2721432915855548000000002252022072001
2721432915855554000000005811024072001
2721432915855566000000000401028072001
2721432915855566000000004253028072001
2721432915855570000000001593029072005
2721432915855578000000008443030072002
2721432915855590000000004643003082005
2721432915855601000000001412005082001
2721432915855601000000003881005082001
2721432915855606000000000021006082001
2721432915855622000000000871011082012
2721432915855622000000004403011082001
2721432915855622000000004413011082001
2721432915855627000000000501012082012
2721432915855627000000000541012082012
2721432915855627000000003673012082002
2721432915855627000000005673012082001
2721432915855632000000001792013082003
2721432915855632000000002442013082001
2721432915858007000000001283001072001
2721432915858014000000000453001042005
2721432915858084000000000142010072008
2721432915858084000000000233010072001
2721432915858127000000001923015072003
2721432915858127000000009413015072008
2721432915858162000000007443021072008
2721432915858180000000003233023072008
2721432915858192000000008052024072005
2721432915858192000000013073024072005
2721432915858225000000001491029072001
2721432915858225000000004123029072003
2721432915858242000000000121031072001
2721432915858243000000004002031072001
2721432915858243000000006153031072005
2721432915858248000000007533031072001
2721432915858254000000001943003082005
2721432915858254000000002043003082011
2721432915858282000000005763005082008
2721432915858282000000008293005082003
2721432915858298000000004952007082005
2721432915858312000000000233010082003
2721432915858315000000000561011082012
2721432915858315000000002083011082002
2721432915858323000000006342011082003
2721432915858323000000006422011082002
2721432915858323000000010033011082005
2721432915858323000000012903011082005
2721432915858323000000014163011082002
2721432915858335000000002191012082012
2721432915858335000000008193012082001
2721432915858346000000001061013082003
2721432915858407000000011023027052008
2721432915858449000000004233029052001
2721432915858482000000002373003062008
2721432915858528000000000243010062008
2721432915858538000000007953010062008
2721432915858583000000001763016062008
2721432915858586000000000373017062008
2721432915858640000000005033024062008
2721432915858658000000041193029062001
2721432915858658000000041623029062008
2721432915858658000000042853029062008
2721432915858658000000045453029062001
2721432915860013000000000163001072008
2721432915860013000000000583001072008
2721432915860025000000000213003072008
2721432915860025000000000313003072008
2721432915860025000000000323003072008
2721432915860025000000000333003072008
2721432915860025000000000343003072008
2721432915860025000000001303003072008
2721432915860025000000001313003072008
2721432915860025000000001323003072008
2721432915860039000000006053006072012
2721432915860039000000007473006072008
2721432915860057000000000223008072008
2721432915860057000000000243008072008
2721432915860062000000000441008072001
2721432915860071000000011093008072011
2721432915860093000000006812013072001
2721432915860093000000010653013072008
2721432915860093000000013433013072008
2721432915860095000000001563013072005
2721432915860107000000000553015072008
2721432915860112000000000673015072001
2721432915860115000000000453015072008
2721432915860115000000000523015072008
2721432915860121000000016673015072008
2721432915860121000000019963015072008
2721432915860121000000022673015072008
2721432915860124000000001013016072005
2721432915860126000000004513017042001
2721432915860133000000001533017072008
2721432915860133000000001593017072008
2721432915860142000000000723020072008
2721432915860143000000020443020072008
2721432915860143000000021973020072008
2721432915860153000000007482021072008
2721432915860153000000013233021072008
2721432915860173000000000153023072008
2721432915860173000000000193023072008
2721432915860173000000000602023072008
2721432915860174000000008573023072008
2721432915860174000000010033023072002
2721432915860174000000013203023072008
2721432915860182000000000463024072008
2721432915860182000000000473024072008
2721432915860184000000008873024072008
2721432915860184000000023543024072001
2721432915860184000000036923024072003
2721432915860186000000002943028042001
2721432915860192000000000111027072001
2721432915860194000000004923027072001
2721432915860194000000005441027072001
2721432915860197000000002223029042001
2721432915860197000000002233029042001
2721432915860201000000013263029012005
2721432915860214000000000553030042001
2721432915860214000000011663029072001
2721432915860237000000005942031072012
2721432915860237000000007362031072001
2721432915860237000000014423031072005
2721432915860243000000001292003082005
2721432915860246000000000603006052008
2721432915860247000000025163003082001
2721432915860247000000042003003082003
2721432915860247000000044043003082003
2721432915860257000000012963004082001
2721432915860257000000014153004082003
2721432915860257000000017503004082002
2721432915860265000000002993008052001
2721432915860265000000009682005082003
2721432915860265000000015603005082002
2721432915860270000000003623005082001
2721432915860277000000000693006082001
2721432915860278000000015683006082001
2721432915860278000000018483006082001
2721432915860278000000019053006082003
2721432915860278000000025603006082002
2721432915860278000000025793006082001
2721432915860282000000008752007082005
2721432915860282000000010612007082008
2721432915860282000000018253007082002
2721432915860282000000018263007082011
2721432915860297000000013163010082012
2721432915860297000000014833010082003
2721432915860297000000018623010082003
2721432915860297000000019443010082005
2721432915860297000000020103010082003
2721432915860308000000012582011082005
2721432915860308000000014652011082001
2721432915860308000000020503011082005
2721432915860308000000020713011082008
2721432915860308000000023503011082005
2721432915860308000000030743011082003
2721432915860308000000031443011082003
2721432915860308000000032373011082003
2721432915860317000000005461012082001
2721432915860317000000016643012082003
2721432915860317000000021813012082003
2721432915860317000000023273012082002
2721432915860330000000004691013082012
2721432915860330000000006241013082003
2721432915860330000000020343013082001
2721432915860340000000007431014082005
2721432915860395000000000993027052008
2721432915860422000000002333001062008
2721432915860449000000000443003062008
2721432915860491000000001683010062008
2721432915860495000000011933010062008
2721432915860496000000003603010062008
2721432915860503000000003653010062008
2721432915860511000000013583012062008
2721432915860516000000000853015062008
2721432915860526000000000453016062008
2721432915860572000000004123022062008
2721432915860592000000004631024062012
2721432915860592000000013643024062008
2721432915860614000000021263026062008
2721432915860633000000017763030062008
310000000271
