1060820200305
2721432915811644000000029333022021901
2721432915812015000000018393020022002
2721432915812067000000021173005032005
2721432915812103000000021093013032005
2721432915812108000000003953016032008
2721432915812216000000010903009042001
2721432915812239000000006042016042008
2721432915812239000000010633016042001
2721432915812270000000011263024042008
2721432915812309000000030273011052008
2721432915812319000000011133012052003
2721432915812332000000002283015052008
2721432915812343000000003793020052008
2721432915812346000000001563020052005
2721432915812388000000006873002062008
2721432915812400000000000713004062008
2721432915812423000000004343012062005
2721432915812423000000004353012062005
2721432915812432000000018903016062001
2721432915812433000000001833016062001
2721432915812446000000006453022062001
2721432915812447000000029853022062005
2721432915812450000000002851023062008
2721432915812450000000009632023062008
2721432915812455000000003043024062008
2721432915812463000000015003025062008
2721432915812468000000014953026062008
2721432915812478000000018953029062008
2721432915812483000000002851030062001
2721432915812483000000015513030062008
2721432915812499000000016813003072008
2721432915812504000000006023006072008
2721432915812505000000000211006072001
2721432915812508000000002622007072011
2721432915812509000000005631007072008
2721432915812509000000008702007072003
2721432915812509000000029193007072008
2721432915812509000000030553007072008
2721432915812509000000032673007072003
2721432915812509000000032683007072003
2721432915812509000000032693007072003
2721432915812510000000004123007072001
2721432915812514000000003821008072012
2721432915812514000000008682008072001
2721432915812514000000010932008072005
2721432915812517000000003503010072011
2721432915812517000000003513010072011
2721432915812528000000000601014072005
2721432915812529000000022433014072008
2721432915812535000000000903015072001
2721432915812538000000005533016072001
2721432915812539000000005812016072001
2721432915812548000000011302017072012
2721432915812548000000018083017072005
2721432915812549000000009673017072005
2721432915812549000000009813017072001
2721432915812554000000001343021072001
2721432915812557000000006442022072012
2721432915812561000000004133023072005
2721432915812567000000010223024072003
2721432915812568000000000572024072005
2721432915812568000000001343024072001
2721432915812568000000001353024072001
2721432915812572000000001361027072001
2721432915812572000000001391027072001
2721432915812572000000004402027072001
2721432915812572000000009453027072011
2721432915812577000000030253028072001
2721432915812577000000036723028072005
2721432915812577000000037313028072001
2721432915812582000000008182029072001
2721432915812582000000012093029072003
2721432915812582000000012193029072002
2721432915812582000000012993029072003
2721432915812586000000004163030072003
2721432915812587000000000741030072001
2721432915812587000000001211030072001
2721432915812587000000007142030072001
2721432915812589000000000151030072012
2721432915812593000000001591031072001
2721432915812596000000000381003082001
2721432915812597000000001411003082006
2721432915812602000000001861004082012
2721432915855462000000004463003072008
2721432915855462000000004743003072008
2721432915855469000000002043003072003
2721432915855473000000001051007072008
2721432915855479000000003173008072008
2721432915855479000000006683008072008
2721432915855506000000002433013072011
2721432915855506000000005383013072008
2721432915855510000000001703014072005
2721432915855510000000001773014072008
2721432915855548000000000091022072001
2721432915855548000000004223022072002
2721432915855554000000001082024072001
2721432915855556000000000011027072012
2721432915855561000000002383027072003
2721432915855566000000005103028072001
2721432915855578000000003743030072002
2721432915855578000000004583030072001
2721432915855578000000004653030072003
2721432915855578000000004903030072001
2721432915855578000000007783030072003
2721432915855578000000011223030072003
2721432915855583000000006203031072003
2721432915855583000000006233031072002
2721432915855583000000006803031072002
2721432915855583000000007053031072003
2721432915855583000000007503031072003
2721432915855586000000000193003082011
2721432915855675000000007963002062008
2721432915855693000000001601005062008
2721432915855693000000006483005062005
2721432915857754000000005513015042008
2721432915857754000000005523015042008
2721432915857757000000000343031072002
2721432915858008000000002552001072008
2721432915858021000000001463002072008
2721432915858021000000001763002072008
2721432915858035000000000533006072008
2721432915858035000000000623006072008
2721432915858049000000001783007072011
2721432915858073000000006663008072008
2721432915858073000000007523008072008
2721432915858085000000002983010072008
2721432915858085000000012373010072005
2721432915858085000000014433010072001
2721432915858119000000005333015072005
2721432915858141000000000172020072005
2721432915858174000000000191023072001
2721432915858179000000000261023072001
2721432915858192000000004861024072001
2721432915858192000000013103024072001
2721432915858224000000000553029072001
2721432915858243000000002011031072012
2721432915858244000000000713031072003
2721432915858248000000002041031072001
2721432915858249000000000472031072012
2721432915858259000000000052003082001
2721432915858265000000000141004082012
2721432915858313000000000113012052008
2721432915858416000000000623026052005
2721432915858482000000000290300306208
2721432915858482000000001953003062008
2721432915858533000000001251010062008
2721432915858567000000004313015062008
2721432915858607000000007103019062001
2721432915858618000000008133022062008
2721432915858630000000005463023062005
2721432915858658000000010883029062008
2721432915858658000000029843029062008
2721432915858658000000053653029062008
2721432915860004000000000313001072008
2721432915860009000000000732001072008
2721432915860009000000000742001072008
2721432915860018000000005603001072008
2721432915860018000000006283001072008
2721432915860018000000025063001072005
2721432915860018000000025263001072008
2721432915860018000000025703001072005
2721432915860025000000000513003072008
2721432915860029000000007633003072008
2721432915860029000000008463003072003
2721432915860039000000031823006072008
2721432915860049000000006233007072008
2721432915860049000000007401007072001
2721432915860049000000008141007072003
2721432915860049000000011322007072012
2721432915860049000000023473007072008
2721432915860057000000000153008072008
2721432915860057000000000323008072008
2721432915860067000000000153008072008
2721432915860067000000000173008072008
2721432915860067000000000233008072008
2721432915860071000000013563008072008
2721432915860083000000005773010072008
2721432915860083000000007561010072001
2721432915860083000000023683010072008
2721432915860083000000024913010072008
2721432915860083000000025043010072008
2721432915860101000000018763014072001
2721432915860101000000024763014072002
2721432915860111000000003633015072003
2721432915860111000000016663015072002
2721432915860132000000000563020042008
2721432915860133000000000083017072003
2721432915860133000000000423017072003
2721432915860162000000003331022072008
2721432915860166000000000371022072005
2721432915860174000000006422023072001
2721432915860174000000013293023072003
2721432915860184000000002503024072001
2721432915860184000000037043024072002
2721432915860184000000046293024072001
2721432915860204000000015223028072001
2721432915860215000000001253029072003
2721432915860225000000000593030072011
2721432915860226000000001693030072002
2721432915860226000000005313030072003
2721432915860237000000011123031072012
2721432915860237000000018683031072001
2721432915860242000000030523006052001
2721432915860247000000026353003082001
2721432915860247000000035603003082003
2721432915860247000000043473003082003
2721432915860249000000017033006052008
2721432915860394000000000363026022005
2721432915860482000000000753010032008
2721432915860511000000001563012032008
2721432915860511000000005151012062012
2721432915860511000000010053012062001
2721432915860516000000000603015062008
2721432915860529000000008732016032008
2721432915860572000000015263022062008
2721432915860572000000017843022062008
2721432915860582000000016213023062008
2721432915860582000000018023023062008
2721432915860603000000018533025032003
2721432915860614000000004653026062008
2721432915860614000000021193026062008
2721432915860614000000022313026062008
2721432915860625000000002493029062008
2721432915860633000000004193030062008
2721432915860633000000008082030062003
2721432915860637000000001703030032008
310000000226
