1250820200302
2721432915812375000000000803029052008
2721432915812404000000003043005062008
2721432915812514000000013403008072008
2721432915812520000000002233010072008
2721432915812534000000010243015072008
2721432915812538000000002182016072001
2721432915812539000000013623016072008
2721432915812542000000004053016072005
2721432915812548000000026523017072008
2721432915812566000000003783024072008
2721432915812576000000004523028072008
2721432915812577000000005261028072001
2721432915812586000000003963030072008
2721432915812597000000005943003082011
2721432915812614000000000683006082008
2721432915812622000000020983010082002
2721432915812627000000000561011082012
2721432915812632000000000691012082012
2721432915812643000000015553014082005
2721432915812644000000000122014082001
2721432915812647000000002351021082003
2721432915812648000000000681021082012
2721432915812648000000001192021082005
2721432915812649000000003601021082002
2721432915812649000000003611021082003
2721432915812649000000004361021082005
2721432915812649000000004841021082007
2721432915812649000000004851021082007
2721432915812649000000005041021082001
2721432915855527000000002123020072008
2721432915855527000000003512020072008
2721432915855561000000004193027072008
2721432915855583000000003823031072008
2721432915855643000000004793017082003
2721432915855643000000004803017082003
2721432915855643000000008811017082012
2721432915857754000000003943015042008
2721432915858076000000000453009072008
2721432915858085000000005432010072008
2721432915858133000000000222017072008
2721432915858139000000000483020072008
2721432915858192000000010613024072001
2721432915858202000000007083027072001
2721432915858323000000012953011082001
2721432915858350000000000533014082003
2721432915858361000000000313018082005
2721432915858369000000000061019082008
2721432915858394000000000021021082001
2721432915858395000000002501021082001
2721432915858395000000002591021082001
2721432915858395000000003521021082005
2721432915858618000000013563022062008
2721432915860018000000019233001072008
2721432915860018000000023293001072008
2721432915860083000000017183010072008
2721432915860093000000009153013072008
2721432915860106000000000853015072008
2721432915860121000000021993015072008
2721432915860133000000001063017072008
2721432915860133000000001073017072008
2721432915860133000000001113017072008
2721432915860184000000028993024072008
2721432915860184000000046413024072008
2721432915860194000000004913027072008
2721432915860194000000010762027072008
2721432915860204000000022673028072002
2721432915860213000000000133029072008
2721432915860225000000000663030072008
2721432915860297000000020963010082003
2721432915860308000000013712011082005
2721432915860323000000001443013082003
2721432915860340000000005323014082005
2721432915860340000000010742014082001
2721432915860357000000000441020082001
2721432915860377000000006821021082005
2721432915860377000000007971021082005
2721432915860377000000008051021082003
2721432915860377000000008111021082002
2721432915860403000000001793027022008
2721432915860410000000015943028022008
2721432915860550000000006963017062008
2721432915860633000000004212030062008
310000000082
