1040920200302
2721432915812434000000019703017062008
2721432915812472000000001923026062001
2721432915812472000000001933026062001
2721432915812472000000003653026062008
2721432915812483000000002241030062008
2721432915812513000000001893008072012
2721432915812513000000001903008072012
2721432915812513000000001913008072012
2721432915812513000000001923008072012
2721432915812522000000002503013072005
2721432915812549000000005482017072008
2721432915812562000000019193023072011
2721432915812602000000006362004082008
2721432915812603000000001433004082001
2721432915812607000000028953005082008
2721432915812617000000019123007082008
2721432915812621000000001292010082008
2721432915812638000000014832017082003
2721432915812647000000012903021082005
2721432915812651000000016573021082008
2721432915812665000000004871025082012
2721432915812665000000022223025082003
2721432915812670000000001161026082012
2721432915812686000000002163031082001
2721432915812688000000004093001092003
2721432915812690000000003171001092001
2721432915812695000000002361002092005
2721432915812695000000002371002092005
2721432915855519000000001233015072008
2721432915855554000000003623024072008
2721432915855590000000001393003082008
2721432915855601000000005943005082003
2721432915855611000000009913007082008
2721432915855627000000003803012082001
2721432915855627000000003943012082002
2721432915855648000000003903018082002
2721432915855665000000003943021082005
2721432915855665000000008393021082005
2721432915855671000000000883024082001
2721432915855686000000000301026082012
2721432915855691000000013183028082002
2721432915855701000000004991001092001
2721432915855701000000005001001092001
2721432915855706000000005483009062008
2721432915855740000000000923017062008
2721432915858035000000000453006072008
2721432915858039000000009913006072003
2721432915858085000000009783010072008
2721432915858086000000001093010072008
2721432915858192000000012253024072008
2721432915858192000000013963024072008
2721432915858208000000000043028072008
2721432915858225000000001821029072008
2721432915858254000000002093003082008
2721432915858270000000007033004082008
2721432915858290000000001063006082008
2721432915858395000000011113021082001
2721432915858436000000004863027082001
2721432915858440000000019533028082002
2721432915858441000000000253028082002
2721432915858577000000002853016062008
2721432915858658000000030393029062008
2721432915858658000000051903029062008
2721432915860004000000000273001072008
2721432915860039000000025183006072008
2721432915860071000000013373008072008
2721432915860107000000000603015072008
2721432915860111000000013593015072008
2721432915860121000000019903015072008
2721432915860121000000021263015072008
2721432915860143000000022383020072008
2721432915860143000000023193020072008
2721432915860162000000002983022072008
2721432915860174000000006952023072001
2721432915860184000000008713024072008
2721432915860184000000039443024072008
2721432915860184000000044643024072008
2721432915860184000000044653024072008
2721432915860194000000016833027072008
2721432915860201000000000083028072008
2721432915860204000000005093028072008
2721432915860223000000000183030072008
2721432915860247000000043563003082008
2721432915860256000000000133004082008
2721432915860256000000000243004082008
2721432915860265000000006671005082008
2721432915860265000000018853005082008
2721432915860270000000004063005082008
2721432915860270000000017743005082008
2721432915860270000000017873005082008
2721432915860270000000020633005082008
2721432915860275000000001973006082008
2721432915860278000000025943006082008
2721432915860282000000010112007082008
2721432915860282000000010162007082008
2721432915860282000000010772007082008
2721432915860282000000013853007082008
2721432915860282000000021913007082008
2721432915860282000000022813007082008
2721432915860293000000000123010082008
2721432915860297000000019693010082008
2721432915860308000000026343011082011
2721432915860308000000030683011082008
2721432915860308000000032663011082008
2721432915860308000000032733011082008
2721432915860317000000022453012082008
2721432915860362000000005972020082001
2721432915860362000000014423020082005
2721432915860391000000004143026022008
2721432915860408000000004753026082003
2721432915860408000000012703026082001
2721432915860408000000020073026082003
2721432915860408000000020773026082002
2721432915860420000000015983027082006
2721432915860423000000002213028082001
2721432915860430000000001543028082001
2721432915860430000000006631028082012
2721432915860430000000026933028082002
2721432915860433000000002373031082002
2721432915860476000000016413008062011
2721432915860496000000012103010062008
2721432915860511000000013713012062008
2721432915860550000000027543017062008
2721432915860614000000018343026062008
310000000124
