1051120200308
2721432915810150000000018702021081801
2721432915811852000000057723015012008
2721432915811880000000000993021012005
2721432915812303000000013063008052003
2721432915812309000000036813011052001
2721432915812354000000010323022052002
2721432915812378000000008643001062003
2721432915812478000000006882029062005
2721432915812509000000008672007072005
2721432915812519000000015763010072008
2721432915812649000000000201021082001
2721432915812649000000002641021082001
2721432915812651000000016053021082008
2721432915812663000000003323024082008
2721432915812665000000009312025082008
2721432915812668000000001922025082008
2721432915812671000000000502026082001
2721432915812695000000015373002092001
2721432915812700000000017053003092008
2721432915812711000000004553008092008
2721432915812718000000002723009092001
2721432915812724000000007463010092012
2721432915812735000000003042015092008
2721432915812739000000000832017092008
2721432915812742000000002503017092001
2721432915812745000000003153018092008
2721432915812749000000000113021092008
2721432915812751000000002601021092001
2721432915812751000000024473021092008
2721432915812752000000001282021092008
2721432915812755000000003393022092008
2721432915812766000000025393024092003
2721432915812771000000013173025092008
2721432915812771000000016373025092008
2721432915812776000000014953028092005
2721432915812780000000003933029092008
2721432915812781000000002773030092008
2721432915812785000000002743001102008
2721432915812786000000008792001102008
2721432915812791000000004083002102008
2721432915812795000000003913005102005
2721432915812795000000005323005102008
2721432915812796000000014673005102008
2721432915812801000000009072006102003
2721432915812801000000021573006102001
2721432915812810000000003823008102008
2721432915812811000000016923008102008
2721432915812811000000021073008102008
2721432915812812000000001082008102003
2721432915812826000000023433014102003
2721432915812834000000000913016102005
2721432915812842000000014813019102011
2721432915812850000000016783020102011
2721432915812851000000002102020102005
2721432915812854000000003523021102001
2721432915812855000000022053021102003
2721432915812858000000001543022102002
2721432915812859000000003213022102008
2721432915812859000000003633022102005
2721432915812864000000003403023102005
2721432915812867000000002751026102005
2721432915812867000000004802026102001
2721432915812867000000009292026102005
2721432915812867000000012933026102002
2721432915812867000000020293026102003
2721432915812869000000001642026102001
2721432915812873000000017143027102003
2721432915812878000000014003028102001
2721432915812878000000015783028102003
2721432915812879000000000502028102005
2721432915812879000000000512028102001
2721432915812883000000000201029102001
2721432915812883000000000341029102012
2721432915812883000000000821029102003
2721432915812883000000003431029102012
2721432915812883000000016883029102002
2721432915812888000000000831030102012
2721432915812888000000006203030102003
2721432915812888000000008323030102003
2721432915812893000000001541003112001
2721432915855461000000003533005102008
2721432915855467000000005193006102008
2721432915855476000000000883008102008
2721432915855476000000002192008102001
2721432915855506000000001653015102008
2721432915855513000000003403019102002
2721432915855513000000007193019102001
2721432915855526000000004042021102002
2721432915855526000000007253021102002
2721432915855532000000000852021102001
2721432915855532000000002483021102007
2721432915855542000000002803026102003
2721432915855543000000004083022072008
2721432915855547000000007363027102003
2721432915855547000000008123027102005
2721432915855547000000008183027102003
2721432915855547000000009673027102003
2721432915855547000000009693027102003
2721432915855551000000001533028102001
2721432915855551000000004433028102003
2721432915855556000000000243027072008
2721432915855557000000005722028102008
2721432915855557000000009833028102001
2721432915855557000000010043028102005
2721432915855557000000014053028102012
2721432915855557000000015523028102002
2721432915855557000000017073028102003
2721432915855557000000017813028102003
2721432915855557000000023843028102003
2721432915855557000000026733028102003
2721432915855596000000002803004082005
2721432915855648000000003203018082008
2721432915855686000000004263026082001
2721432915855691000000006653028082001
2721432915855733000000004782016062005
2721432915855747000000002333016092008
2721432915855747000000003503016092008
2721432915855766000000003323021092008
2721432915855766000000003343021092008
2721432915855773000000005133022092008
2721432915855805000000001492030092001
2721432915855805000000004393030092001
2721432915855805000000006512030092008
2721432915855811000000000331030092001
2721432915855811000000004533030092008
2721432915855811000000005983030092002
2721432915858055000000000272007102008
2721432915858067000000001063008102001
2721432915858067000000001073008102001
2721432915858136000000001613020102012
2721432915858192000000011203024072001
2721432915858196000000000253027102002
2721432915858204000000000983027102005
2721432915858313000000008133010082008
2721432915858369000000006763019082008
2721432915858384000000005103020082005
2721432915858439000000002123028082008
2721432915858482000000000692002092001
2721432915858493000000000572003092008
2721432915858538000000010103010062001
2721432915858658000000053113029062001
2721432915860013000000012173002102008
2721432915860013000000016523002102008
2721432915860020000000000313002102008
2721432915860020000000000473002102008
2721432915860023000000027803002102008
2721432915860023000000027853002102008
2721432915860023000000030973002102008
2721432915860023000000031513002102008
2721432915860030000000000403005102008
2721432915860030000000000413005102008
2721432915860030000000000423005102008
2721432915860030000000000433005102008
2721432915860030000000000683005102008
2721432915860033000000013793005102008
2721432915860033000000013853005102008
2721432915860033000000017183005102008
2721432915860033000000017883005102008
2721432915860033000000018773005102008
2721432915860040000000000072006102008
2721432915860040000000000503006102008
2721432915860043000000015703006102008
2721432915860043000000023373006102008
2721432915860043000000025653006102008
2721432915860043000000025813006102008
2721432915860043000000026513006102008
2721432915860056000000010713007102001
2721432915860056000000016503007102008
2721432915860067000000005963008102008
2721432915860067000000007481008102001
2721432915860067000000008551008102005
2721432915860067000000016833008102008
2721432915860109000000018423014102005
2721432915860109000000019113014102005
2721432915860114000000009422015102003
2721432915860121000000004753015072008
2721432915860123000000001543019102003
2721432915860126000000019783019102012
2721432915860126000000023033017042008
2721432915860136000000028213020102005
2721432915860136000000029613020102003
2721432915860136000000030213020102003
2721432915860148000000006011021102001
2721432915860165000000012202022102005
2721432915860165000000012642022102001
2721432915860165000000019773022102001
2721432915860165000000020593022102002
2721432915860176000000019873023102008
2721432915860176000000022893023102003
2721432915860184000000035223024072008
2721432915860187000000005641026102001
2721432915860187000000018973026102002
2721432915860188000000001063027102005
2721432915860191000000001462027072001
2721432915860194000000008612027072005
2721432915860195000000000673027102002
2721432915860196000000001493027102001
2721432915860196000000007872027102001
2721432915860196000000007932027102001
2721432915860196000000022043027102003
2721432915860198000000000082028102001
2721432915860208000000005382028102001
2721432915860208000000006783028102003
2721432915860208000000008333028102003
2721432915860208000000010463028102005
2721432915860220000000005381029102001
2721432915860220000000006371029102012
2721432915860220000000010362029102001
2721432915860220000000011162029102002
2721432915860220000000018483029102003
2721432915860220000000021573029102002
2721432915860230000000032613030102003
2721432915860230000000032643030102003
2721432915860275000000001043006082012
2721432915860278000000026253006082008
2721432915860377000000019473021082001
2721432915860377000000020663021082008
2721432915860389000000000111025082001
2721432915860390000000014453025082001
2721432915860399000000002063026082008
2721432915860403000000000323026082008
2721432915860439000000015813031082001
2721432915860448000000022393001092003
2721432915860448000000022923001092008
2721432915860448000000024453001092011
2721432915860456000000015313002092005
2721432915860462000000000253003092005
2721432915860472000000001003004092008
2721432915860472000000001013004092008
2721432915860486000000004213008092008
2721432915860486000000004223008092008
2721432915860486000000017303008092008
2721432915860503000000007632010092008
2721432915860503000000008342010092008
2721432915860527000000004983015092008
2721432915860527000000019743015092008
2721432915860538000000019723016092005
2721432915860540000000001253016092003
2721432915860549000000007301018092012
2721432915860549000000007751018092001
2721432915860549000000017163018092008
2721432915860549000000026943018092008
2721432915860555000000000363018062001
2721432915860561000000024023018092008
2721432915860561000000024293018092008
2721432915860566000000000253018092008
2721432915860566000000000613018092008
2721432915860566000000000863018092008
2721432915860569000000013303021092008
2721432915860569000000018493021092008
2721432915860590000000022723023092008
2721432915860590000000023953023092001
2721432915860590000000025973023092008
2721432915860592000000001073023092008
2721432915860600000000014693023092008
2721432915860615000000020373025092008
2721432915860619000000000813029062012
2721432915860620000000000643025092008
2721432915860620000000001103025092008
2721432915860620000000001123025092008
2721432915860620000000002013025092008
2721432915860620000000002113025092008
2721432915860635000000000613029092008
2721432915860638000000000743029092008
2721432915860638000000001583029092008
2721432915860641000000021533029092008
2721432915860641000000021893029092008
2721432915860648000000000653030092008
2721432915860649000000014543030092003
2721432915860649000000018343030092008
310000000270
