1150820200303
2721432915811303000000011772019081901
2721432915811503000000006261011101912
2721432915811648000000060833022111905
2721432915812079000000018373009032008
2721432915812281000000010583029042008
2721432915812320000000000923012052008
2721432915812411000000000051009062001
2721432915812438000000004312018062005
2721432915812438000000010473018062008
2721432915812443000000021883018062008
2721432915812447000000018963022062003
2721432915812450000000018013023062001
2721432915812468000000012523026062008
2721432915812478000000019363029062008
2721432915812481000000001663030062008
2721432915812488000000001522001072008
2721432915812499000000014823003072005
2721432915812504000000008493006072005
2721432915812519000000012193010072005
2721432915812522000000000731013072008
2721432915812523000000015223013072001
2721432915812528000000001742014072008
2721432915812533000000002783015072008
2721432915812534000000012083015072001
2721432915812539000000011883016072008
2721432915812539000000014403016072008
2721432915812539000000020523016072001
2721432915812542000000004553016072001
2721432915812543000000003952016072008
2721432915812547000000006793017072008
2721432915812548000000024313017072008
2721432915812549000000009783017072002
2721432915812557000000008692022072001
2721432915812558000000000712022072001
2721432915812561000000001832023072008
2721432915812562000000016183023072012
2721432915812566000000004173024072005
2721432915812572000000002762027072012
2721432915812572000000009843027072003
2721432915812577000000036773028072005
2721432915812577000000041463028072001
2721432915812587000000016373030072001
2721432915812587000000016903030072005
2721432915812593000000007283031072001
2721432915812598000000000171003082005
2721432915812599000000001583003082001
2721432915812601000000004783004082005
2721432915812601000000005063004082005
2721432915812602000000000681004082003
2721432915812602000000004051004082006
2721432915812602000000011053004082005
2721432915812607000000038673005082003
2721432915812611000000002613006082008
2721432915812612000000006952006082001
2721432915812612000000017333006082005
2721432915812617000000004672007082012
2721432915812617000000008182007082005
2721432915812617000000015783007082003
2721432915812621000000000471010082012
2721432915812622000000002391010082005
2721432915812622000000024393010082001
2721432915812628000000018773011082002
2721432915812629000000003653011082003
2721432915812633000000002351012082005
2721432915855469000000006153003072008
2721432915855499000000002763010072012
2721432915855519000000000261015072012
2721432915855536000000005853021072008
2721432915855548000000001613022072001
2721432915855554000000000421024072005
2721432915855570000000001172029072001
2721432915855578000000006823030072001
2721432915855583000000006953031072001
2721432915855596000000002613004082003
2721432915855611000000004633007082001
2721432915855611000000010123007082003
2721432915855702000000006043009062001
2721432915855706000000005763009062001
2721432915855733000000003333016062012
2721432915855775000000002683026062001
2721432915855787000000010293030062008
2721432915858008000000007753001072008
2721432915858008000000010523001072008
2721432915858028000000002883003072008
2721432915858039000000012603006072005
2721432915858085000000004193010072005
2721432915858127000000006593015072008
2721432915858161000000000293021072008
2721432915858202000000000292027072003
2721432915858243000000006813031072001
2721432915858243000000008373031072003
2721432915858282000000007983005082003
2721432915858289000000000543006082005
2721432915858298000000001063007082001
2721432915858298000000007973007082002
2721432915858315000000002223011082003
2721432915858322000000000763011082001
2721432915858323000000010363011082011
2721432915858323000000012863011082002
2721432915858335000000001881012082001
2721432915858335000000002571012082005
2721432915858335000000009363012082001
2721432915858562000000007293013032008
2721432915858658000000043583029062012
2721432915860029000000007853003072001
2721432915860046000000000153007072008
2721432915860049000000017993007072008
2721432915860057000000000293008072008
2721432915860081000000000103010072002
2721432915860081000000000363010072008
2721432915860081000000001023010072008
2721432915860083000000022093010072008
2721432915860097000000001373014072008
2721432915860100000000000393014072008
2721432915860101000000011152014072008
2721432915860101000000016193014072008
2721432915860107000000000543015072008
2721432915860111000000004243015072008
2721432915860111000000005261015072012
2721432915860111000000005271015072012
2721432915860121000000014583015072008
2721432915860121000000019373015072008
2721432915860121000000024503015072008
2721432915860124000000000733016072008
2721432915860142000000000203020072008
2721432915860142000000000233020072008
2721432915860143000000006411020072005
2721432915860143000000013403020072008
2721432915860143000000022153020072001
2721432915860153000000012343021072008
2721432915860174000000011483023072008
2721432915860184000000008522024072007
2721432915860184000000026193024072003
2721432915860184000000026203024072003
2721432915860184000000030233024072008
2721432915860184000000044923024072001
2721432915860204000000005451028072001
2721432915860213000000000093029072003
2721432915860214000000013853029072002
2721432915860225000000001003030072003
2721432915860237000000013993031072001
2721432915860237000000015163031072002
2721432915860247000000035203003082012
2721432915860247000000036983003082001
2721432915860257000000003613004082001
2721432915860257000000015303004082002
2721432915860265000000010642005082001
2721432915860265000000018143005082012
2721432915860268000000000061005082001
2721432915860270000000010312005082001
2721432915860270000000019573005082003
2721432915860278000000005443006082003
2721432915860278000000018333006082001
2721432915860280000000000011007082001
2721432915860282000000000181007082001
2721432915860282000000004273007082008
2721432915860282000000004653007082003
2721432915860282000000008382007082005
2721432915860282000000013173007082005
2721432915860282000000016103007082002
2721432915860282000000018663007082003
2721432915860282000000018763007082005
2721432915860282000000018793007082003
2721432915860282000000018973007082003
2721432915860282000000019203007082001
2721432915860282000000020473007082003
2721432915860282000000020593007082003
2721432915860282000000021553007082001
2721432915860290000000001213010082001
2721432915860292000000001883010082001
2721432915860292000000004881012052008
2721432915860297000000018663010082005
2721432915860308000000010522011082012
2721432915860308000000010992011082003
2721432915860308000000026783011082005
2721432915860308000000026793011082005
2721432915860308000000028023011082003
2721432915860308000000029633011082003
2721432915860308000000029773011082003
2721432915860308000000029853011082003
2721432915860308000000030813011082003
2721432915860317000000005471012082001
2721432915860317000000007312012082003
2721432915860317000000007362012082012
2721432915860330000000005821013082012
2721432915860379000000000313026052005
2721432915860520000000000453015062008
2721432915860572000000016113022062008
2721432915860602000000004493024062008
310000000189
