1120920200302
2721432915812334000000011713015052008
2721432915812457000000011533024062008
2721432915812498000000003643003072008
2721432915812514000000016213008072008
2721432915812534000000009723015072008
2721432915812548000000016303017072008
2721432915812561000000001432023072011
2721432915812571000000003873027072008
2721432915812598000000001123003082008
2721432915812611000000000761006082008
2721432915812612000000018383006082008
2721432915812639000000004873017082001
2721432915812647000000008502021082005
2721432915812651000000011033021082003
2721432915812671000000001503026082005
2721432915812682000000002813031082008
2721432915812690000000002551001092005
2721432915812690000000017263001092003
2721432915812691000000001282001092001
2721432915812709000000001573004092001
2721432915812709000000001783004092005
2721432915812717000000005531009092001
2721432915855469000000001362003072008
2721432915855473000000004843007072008
2721432915855548000000000412022072001
2721432915855554000000007593024072008
2721432915855583000000006483031072008
2721432915855590000000002143003082008
2721432915855622000000006033011082008
2721432915855622000000008523011082008
2721432915855622000000008753011082008
2721432915855627000000001332012082012
2721432915855627000000003583012082008
2721432915855643000000008573017082001
2721432915855643000000011493017082008
2721432915855665000000008523021082003
2721432915855675000000005063025082003
2721432915855691000000005913028082003
2721432915855701000000007323001092005
2721432915855706000000003073009062008
2721432915858039000000009363006072008
2721432915858248000000007003031072008
2721432915858294000000000203007082008
2721432915858298000000005713007082001
2721432915858313000000006893010082008
2721432915858322000000000843011082008
2721432915858346000000004273013082008
2721432915858405000000001763025082002
2721432915858418000000000473026082001
2721432915858418000000000483026082001
2721432915858501000000000263004092002
2721432915858640000000007193024032008
2721432915860022000000001043002072008
2721432915860039000000012762006072008
2721432915860093000000003553013072008
2721432915860107000000000933015072008
2721432915860111000000008702015072008
2721432915860121000000016523015072008
2721432915860149000000007762022012001
2721432915860182000000001113024072008
2721432915860184000000031563024072008
2721432915860184000000040793024072008
2721432915860194000000008692027072008
2721432915860194000000020763027072003
2721432915860201000000000343028072008
2721432915860204000000004703028072008
2721432915860204000000014683028072008
2721432915860204000000022643028072008
2721432915860214000000014793029072003
2721432915860223000000000163030072008
2721432915860225000000000913030072008
2721432915860226000000007343030072008
2721432915860236000000001003031072008
2721432915860236000000001013031072008
2721432915860257000000016203004082008
2721432915860265000000004453005082008
2721432915860265000000020683005082008
2721432915860270000000016373005082003
2721432915860275000000001503006082001
2721432915860275000000001513006082001
2721432915860277000000000453006082008
2721432915860277000000000903006082008
2721432915860278000000018043006082008
2721432915860282000000013353007082008
2721432915860282000000020633007082008
2721432915860297000000012863010082008
2721432915860308000000021263011082008
2721432915860317000000004463012082008
2721432915860317000000023223012082008
2721432915860329000000000463013082008
2721432915860330000000017513013082008
2721432915860330000000020563013082008
2721432915860330000000020573013082008
2721432915860340000000012332014082005
2721432915860340000000018543014082008
2721432915860340000000022673014082008
2721432915860340000000034613014082008
2721432915860340000000034833014082008
2721432915860390000000021653025082003
2721432915860390000000022483025082002
2721432915860392000000000423025082008
2721432915860420000000012622027082005
2721432915860420000000021243027082001
2721432915860429000000000363028082003
2721432915860441000000001022001092003
2721432915860448000000026173001092001
2721432915860448000000029673001092003
2721432915860472000000002223004092002
2721432915860486000000011023008092001
2721432915860582000000015733023062008
2721432915860624000000013823029062011
310000000111
