1130820200303
2721432915812073000000012883006032008
2721432915812077000000002663009032008
2721432915812169000000014183030032008
2721432915812204000000008692007042008
2721432915812265000000014063023042008
2721432915812303000000017973008052008
2721432915812332000000003533015052008
2721432915812339000000013123019052008
2721432915812363000000009812027052001
2721432915812367000000000091028052001
2721432915812368000000008372028052008
2721432915812368000000015393028052005
2721432915812383000000011433001062008
2721432915812388000000008503002062008
2721432915812421000000013083012062005
2721432915812440000000002012018062005
2721432915812443000000011783018062008
2721432915812471000000000673026062005
2721432915812473000000019993026062008
2721432915812479000000000771029062001
2721432915812482000000001152030062008
2721432915812483000000005892030062005
2721432915812489000000013873001072005
2721432915812499000000025593003072008
2721432915812505000000002073006072008
2721432915812514000000003761008072001
2721432915812514000000004982008072008
2721432915812514000000011953008072001
2721432915812523000000019363013072008
2721432915812528000000004183014072005
2721432915812539000000017083016072008
2721432915812539000000017583016072008
2721432915812539000000024483016072008
2721432915812543000000005742016072008
2721432915812548000000020663017072005
2721432915812549000000002161017072001
2721432915812549000000007093017072005
2721432915812552000000003843020072001
2721432915812557000000020513022072003
2721432915812562000000015773023072005
2721432915812571000000003143027072001
2721432915812571000000003153027072001
2721432915812571000000003163027072001
2721432915812577000000016222028072001
2721432915812582000000011373029072003
2721432915812583000000000803029072005
2721432915812587000000004251030072001
2721432915812587000000016293030072001
2721432915812588000000000633030072005
2721432915812597000000001792003082005
2721432915812602000000011283004082005
2721432915812603000000002053004082005
2721432915812607000000005511005082005
2721432915812607000000012292005082012
2721432915812607000000028603005082001
2721432915812607000000035713005082012
2721432915812607000000037393005082002
2721432915812612000000011433006082003
2721432915812612000000017073006082003
2721432915812616000000002893007082002
2721432915812616000000003553007082001
2721432915812617000000011733007082003
2721432915812622000000012973010082001
2721432915855455000000000091001072012
2721432915855473000000004873007072008
2721432915855492000000000201010072008
2721432915855492000000001902010072008
2721432915855510000000001343014072003
2721432915855527000000002521020072001
2721432915855554000000001352024072001
2721432915855566000000005841028072005
2721432915855578000000000611030072012
2721432915855578000000002782030072001
2721432915855586000000000112003082005
2721432915855601000000001983005082011
2721432915855601000000002543005082001
2721432915855601000000003193005082011
2721432915855601000000004812005082001
2721432915855601000000004822005082001
2721432915855601000000005343005082002
2721432915855601000000006383005082004
2721432915855606000000000953006082005
2721432915855606000000001453006082003
2721432915855606000000001693006082003
2721432915855611000000001231007082001
2721432915855693000000010053005062001
2721432915857754000000002193015042008
2721432915857754000000002403015042008
2721432915857754000000002413015042008
2721432915857754000000002423015042008
2721432915858046000000000313007072008
2721432915858049000000004272007072001
2721432915858049000000004282007072008
2721432915858049000000007163007072001
2721432915858070000000000203008072008
2721432915858084000000000263010072008
2721432915858085000000009803010072008
2721432915858135000000000333017072008
2721432915858141000000000323020072008
2721432915858142000000000742020072008
2721432915858192000000016593024072003
2721432915858209000000000403028072005
2721432915858214000000000733028072005
2721432915858243000000003012031072003
2721432915858243000000007623031072001
2721432915858248000000003922031072005
2721432915858254000000002523003082001
2721432915858270000000004773004082005
2721432915858270000000005023004082005
2721432915858276000000001013007052008
2721432915858282000000008023005082011
2721432915858282000000008963005082002
2721432915858282000000009633005082003
2721432915858307000000000653010082002
2721432915858313000000001701010082001
2721432915858323000000003491011082002
2721432915858407000000008233027052003
2721432915858460000000006183028022008
2721432915858482000000002133003062008
2721432915858482000000002473003062008
2721432915858519000000000293009062003
2721432915858535000000001593010062008
2721432915858594000000002942018032012
2721432915858640000000002372024062008
2721432915858657000000000263026032001
2721432915858657000000000273026032001
2721432915858658000000004773029062001
2721432915858658000000010733029062008
2721432915858658000000045423029062008
2721432915858676000000007543029062008
2721432915860018000000025713001072008
2721432915860018000000025823001072008
2721432915860029000000007653003072001
2721432915860049000000005843007072008
2721432915860049000000012222007072008
2721432915860049000000012902007072001
2721432915860049000000023683007072008
2721432915860071000000019033008072008
2721432915860081000000000723010072008
2721432915860083000000016653010072008
2721432915860083000000017443010072008
2721432915860093000000009143013072008
2721432915860093000000014163013072003
2721432915860100000000000203014072008
2721432915860101000000004982014072008
2721432915860107000000000393015072008
2721432915860111000000015353015072008
2721432915860111000000016843015072008
2721432915860111000000017283015072008
2721432915860112000000001013015072003
2721432915860115000000000853015072008
2721432915860121000000005523015072008
2721432915860121000000010982015072008
2721432915860121000000017323015072008
2721432915860133000000000363017072008
2721432915860133000000001383017072008
2721432915860133000000001633017072008
2721432915860143000000016353020072008
2721432915860184000000008602024072001
2721432915860184000000021642024072001
2721432915860194000000016093027072001
2721432915860194000000018603027072002
2721432915860195000000000723029042008
2721432915860197000000008242029042008
2721432915860204000000002233028072005
2721432915860204000000002243028072005
2721432915860204000000018583028072001
2721432915860211000000010193029012008
2721432915860216000000000693004052008
2721432915860237000000013973031072003
2721432915860237000000014273031072008
2721432915860242000000024892006052008
2721432915860243000000001313006052002
2721432915860247000000015402003082008
2721432915860247000000031353003082005
2721432915860247000000032943003082012
2721432915860247000000037783003082001
2721432915860249000000021312006052008
2721432915860265000000012053005082003
2721432915860265000000012653005082005
2721432915860265000000018403005082003
2721432915860265000000019263005082005
2721432915860270000000002243005082001
2721432915860270000000017403005082011
2721432915860278000000014653006082003
2721432915860278000000014963006082012
2721432915860278000000016273006082008
2721432915860278000000020513006082005
2721432915860278000000020523006082005
2721432915860278000000021333006082001
2721432915860278000000022363006082003
2721432915860278000000024603006082002
2721432915860282000000006641007082005
2721432915860282000000017363007082003
2721432915860292000000000812010082003
2721432915860297000000005211010082003
2721432915860302000000000511011082005
2721432915860457000000001383005032008
2721432915860483000000001533009062008
2721432915860491000000001863010062008
2721432915860522000000019343015062008
2721432915860522000000020003015062008
2721432915860539000000023003016062008
2721432915860562000000005161019062005
2721432915860562000000020463019062008
2721432915860598000000000083024062008
2721432915860610000000000703026062008
2721432915860614000000017503026062008
310000000208
