1271020200306
2721432915811468000000070873001101905
2721432915812309000000004421011052012
2721432915812343000000003843020052008
2721432915812426000000018833015062005
2721432915812533000000003003015072005
2721432915812539000000018233016072008
2721432915812577000000004961028072001
2721432915812597000000000351003082012
2721432915812602000000003501004082008
2721432915812607000000035513005082005
2721432915812612000000000021006082001
2721432915812622000000020233010082008
2721432915812628000000015343011082008
2721432915812629000000003143011082005
2721432915812643000000016563014082008
2721432915812648000000000902021082005
2721432915812649000000018643021082005
2721432915812651000000013333021082008
2721432915812651000000014493021082002
2721432915812656000000000661021082001
2721432915812663000000000661024082012
2721432915812665000000019963025082008
2721432915812680000000001591028082001
2721432915812685000000022813031082008
2721432915812696000000000512002092005
2721432915812700000000026113003092008
2721432915812704000000003763004092005
2721432915812713000000009562008092008
2721432915812713000000012973008092008
2721432915812717000000025753009092003
2721432915812722000000014133010092003
2721432915812731000000001231014092001
2721432915812731000000005412014092008
2721432915812734000000003911015092005
2721432915812734000000020983015092013
2721432915812737000000001981016092001
2721432915812741000000000251017092001
2721432915812745000000005133018092008
2721432915812746000000003841018092008
2721432915812751000000004371021092005
2721432915812751000000006382021092003
2721432915812751000000023673021092008
2721432915812755000000001892022092008
2721432915812761000000007972023092001
2721432915812761000000010723023092013
2721432915812761000000012473023092008
2721432915812765000000000211024092012
2721432915812766000000023303024092008
2721432915812771000000013893025092005
2721432915812775000000002012028092008
2721432915812775000000003373028092001
2721432915812776000000001781028092001
2721432915812776000000001791028092001
2721432915812776000000012373028092013
2721432915812786000000003931001102001
2721432915812786000000011163001102013
2721432915812786000000015603001102007
2721432915812791000000001282002102008
2721432915812792000000001581002102001
2721432915812792000000009393002102012
2721432915812796000000016623005102003
2721432915812800000000004923006102003
2721432915812801000000025463006102001
2721432915812803000000000611007102001
2721432915812806000000003041007102012
2721432915812806000000006122007102001
2721432915812806000000011703007102005
2721432915812810000000004793008102005
2721432915812811000000001421008102012
2721432915812816000000008863009102013
2721432915812817000000001363009102001
2721432915812826000000019493014102005
2721432915812836000000003563016102001
2721432915812837000000001141016102005
2721432915812837000000013853016102003
2721432915812837000000016953016102005
2721432915812837000000018063016102003
2721432915812837000000018753016102002
2721432915812837000000020693016102012
2721432915812837000000020723016102002
2721432915812837000000021123016102001
2721432915812843000000001023019102003
2721432915812844000000001691019102001
2721432915812844000000018003019102005
2721432915812844000000019253019102001
2721432915812845000000001451019102001
2721432915812845000000001772019102012
2721432915812845000000001952019102001
2721432915812845000000005003019102005
2721432915812845000000005043019102001
2721432915812845000000006893019102002
2721432915812845000000006913019102002
2721432915812848000000000352020102002
2721432915812850000000015543020102003
2721432915812850000000017493020102003
2721432915812850000000017903020102002
2721432915812851000000001222020102001
2721432915812851000000004013020102001
2721432915812854000000003823021102012
2721432915812854000000004153021102005
2721432915812855000000014082021102001
2721432915812856000000002233021102001
2721432915812859000000001622022102003
2721432915812860000000000271022102012
2721432915812860000000000281022102012
2721432915812860000000001441022102012
2721432915812860000000001451022102012
2721432915812860000000003021022102003
2721432915812860000000017983022102002
2721432915812861000000000551022102012
2721432915855471000000007303007102001
2721432915855473000000006343007072001
2721432915855483000000001743009102003
2721432915855495000000002753014102003
2721432915855500000000001603015102003
2721432915855513000000001763019102003
2721432915855513000000002233019102002
2721432915855513000000003753019102003
2721432915855513000000004481019102012
2721432915855526000000008043021102011
2721432915855526000000008993021102003
2721432915855526000000010963021102002
2721432915855526000000010983021102001
2721432915855532000000003173021102003
2721432915855578000000005693030072003
2721432915855643000000007493017082001
2721432915855665000000006191021082001
2721432915855691000000000681028082012
2721432915855745000000005383016092008
2721432915855752000000001633016092008
2721432915855766000000003633021092008
2721432915855775000000000732026062005
2721432915855780000000001242023092001
2721432915855790000000002711025092001
2721432915855790000000006113025092005
2721432915855795000000005953028092001
2721432915855799000000005863029092005
2721432915855799000000006933029092008
2721432915855799000000006943029092008
2721432915855811000000000151030092012
2721432915855818000000002003025032001
2721432915858073000000000061009102012
2721432915858100000000000853014102003
2721432915858136000000001443020102003
2721432915858141000000000623020102003
2721432915858282000000005773005082008
2721432915858323000000011853011082003
2721432915858350000000000553014082002
2721432915858357000000010283014082003
2721432915858369000000005863019082011
2721432915858384000000005733020082001
2721432915858384000000007413020082008
2721432915858395000000009153021082008
2721432915858417000000000283026082008
2721432915858428000000000493026022008
2721432915858436000000004003027082008
2721432915858439000000005112028082008
2721432915858440000000009622028082008
2721432915858440000000015563028082005
2721432915858513000000010123008092005
2721432915858513000000012523008092003
2721432915858516000000000923009092008
2721432915858532000000000693011092008
2721432915858548000000000903015092003
2721432915858594000000000783021092008
2721432915858608000000000383022092002
2721432915860013000000005551002102001
2721432915860013000000013843002102008
2721432915860023000000006761002102003
2721432915860023000000020103002102008
2721432915860023000000028043002102003
2721432915860023000000030393002102001
2721432915860023000000032243002102008
2721432915860043000000006891006102005
2721432915860043000000022243006102001
2721432915860043000000023393006102008
2721432915860067000000021993008102005
2721432915860067000000022253008102003
2721432915860067000000023983008102003
2721432915860067000000025273008102001
2721432915860067000000028193008102002
2721432915860070000000001143009102001
2721432915860097000000005823014102003
2721432915860097000000013853014102005
2721432915860097000000016963014102011
2721432915860097000000019153014102005
2721432915860097000000019683014102012
2721432915860097000000020883014102007
2721432915860103000000000033014102011
2721432915860109000000016263014102001
2721432915860109000000020173014102002
2721432915860114000000001183015102003
2721432915860114000000007911015102001
2721432915860114000000017203015102005
2721432915860114000000021823015102003
2721432915860114000000021873015102003
2721432915860114000000022733015102003
2721432915860123000000000802019102001
2721432915860126000000015293019102003
2721432915860126000000020123019102001
2721432915860126000000024083017042008
2721432915860136000000006403020102002
2721432915860136000000011241020102012
2721432915860136000000026793020102003
2721432915860136000000034923020102003
2721432915860136000000035593020102001
2721432915860136000000037393020102008
2721432915860136000000037573020102002
2721432915860139000000000313020102003
2721432915860148000000017313021102003
2721432915860148000000019763021102003
2721432915860148000000020683021102002
2721432915860148000000020823021102003
2721432915860148000000022323021102003
2721432915860149000000000733021102003
2721432915860165000000012882022102003
2721432915860173000000000463023072008
2721432915860247000000044203003082008
2721432915860278000000013773006082003
2721432915860278000000016543006082005
2721432915860278000000026283006082008
2721432915860287000000000673007082008
2721432915860287000000000683007082008
2721432915860287000000000893007082008
2721432915860293000000000373010082008
2721432915860308000000025233011082008
2721432915860308000000025243011082008
2721432915860317000000018313012082008
2721432915860340000000030083014082003
2721432915860351000000013113019082003
2721432915860351000000016993019082008
2721432915860362000000003653020082001
2721432915860362000000008562020082001
2721432915860362000000018493020082008
2721432915860377000000014082021082008
2721432915860377000000028053021082008
2721432915860377000000028833021082008
2721432915860381000000003203024082008
2721432915860390000000006731025082008
2721432915860390000000023283025082008
2721432915860390000000024573025082003
2721432915860403000000000343026082008
2721432915860408000000013013026082008
2721432915860420000000020743027082003
2721432915860430000000015633028082008
2721432915860430000000026963028082008
2721432915860433000000002003031082008
2721432915860439000000003803031082008
2721432915860439000000020183031082008
2721432915860441000000001833001092008
2721432915860441000000002533001092008
2721432915860441000000002553001092008
2721432915860445000000000243001092008
2721432915860445000000000533001092008
2721432915860448000000013662001092001
2721432915860448000000029733001092008
2721432915860448000000029773001092008
2721432915860456000000005611002092012
2721432915860456000000013883002092008
2721432915860461000000002243003092008
2721432915860466000000000783003092010
2721432915860469000000020303003092008
2721432915860469000000021433003092008
2721432915860472000000000633004092008
2721432915860472000000001293004092008
2721432915860480000000000401008092001
2721432915860486000000011953008092001
2721432915860503000000018013010092008
2721432915860504000000001103009092008
2721432915860509000000011103010092008
2721432915860509000000011343010092008
2721432915860513000000021543014092001
2721432915860513000000021613014092005
2721432915860513000000038193014092008
2721432915860527000000008882015092001
2721432915860527000000013452015092008
2721432915860527000000026073015092008
2721432915860532000000010533016062001
2721432915860538000000016773016092008
2721432915860538000000022123016092008
2721432915860538000000025823016092008
2721432915860538000000029403016092008
2721432915860544000000001203016092008
2721432915860549000000011372018092008
2721432915860549000000026933018092008
2721432915860556000000001163017092005
2721432915860561000000010182018092001
2721432915860561000000013763018092001
2721432915860561000000024463018092008
2721432915860561000000025533018092008
2721432915860569000000007972021092001
2721432915860569000000016163021092008
2721432915860569000000019133021092003
2721432915860569000000023063021092008
2721432915860569000000023352021092008
2721432915860573000000001963021092002
2721432915860579000000008852022092008
2721432915860579000000018353022092002
2721432915860579000000018433022092008
2721432915860579000000018623022092008
2721432915860579000000019563022092008
2721432915860590000000005073023092008
2721432915860590000000026083023092008
2721432915860600000000010993023092008
2721432915860600000000015833023092008
2721432915860600000000016793023092008
2721432915860600000000018093023092008
2721432915860600000000158530230920702
2721432915860604000000000503024092008
2721432915860604000000000523024092008
2721432915860615000000015673025092008
2721432915860620000000000683025092008
2721432915860620000000001403025092003
2721432915860629000000000133028092008
2721432915860629000000001143028092008
2721432915860641000000004493029092005
2721432915860641000000016563029092008
2721432915860641000000021173029092011
2721432915860641000000021783029092008
2721432915860648000000000443030092003
2721432915860648000000000643030092008
2721432915860649000000015543030092005
2721432915860649000000018673030092008
2721432915860649000000018953030092008
310000000324
