1190920200302
2721432915812124000000001973019032001
2721432915812337000000002993019052008
2721432915812543000000015613016072005
2721432915812567000000008773024072008
2721432915812587000000011943030072008
2721432915812587000000018873030072008
2721432915812607000000031513005082008
2721432915812617000000018683007082008
2721432915812622000000020123010082008
2721432915812628000000012453011082008
2721432915812633000000021153012082008
2721432915812638000000018623017082008
2721432915812643000000021373014082008
2721432915812649000000017833021082008
2721432915812649000000032463021082003
2721432915812651000000015763021082008
2721432915812660000000017003024082003
2721432915812672000000001343026082005
2721432915812680000000014533028082001
2721432915812680000000014913028082008
2721432915812685000000002471031082005
2721432915812716000000002553009092008
2721432915812717000000018013009092008
2721432915812717000000018023009092008
2721432915812717000000018033009092008
2721432915812717000000018043009092008
2721432915812717000000018053009092008
2721432915812717000000018063009092008
2721432915812717000000022443009092005
2721432915812718000000002713009092008
2721432915812731000000008503014092003
2721432915812731000000009003014092003
2721432915812735000000004502015092003
2721432915812741000000002491017092003
2721432915812741000000003571017092003
2721432915812742000000000321017092001
2721432915855492000000003843010072008
2721432915855643000000005803017082008
2721432915855648000000000873018082008
2721432915855665000000005951021082012
2721432915855671000000003623024082008
2721432915855680000000007373026082003
2721432915855721000000001943003032008
2721432915855787000000005193030062008
2721432915858133000000004693017042008
2721432915858160000000000053021072008
2721432915858243000000008743031072008
2721432915858276000000001173007052008
2721432915858298000000007413007082008
2721432915858313000000005003010082008
2721432915858315000000001133011082008
2721432915858346000000004743013082008
2721432915858371000000000251017022005
2721432915858384000000004063020082001
2721432915858407000000011363027052008
2721432915858513000000016003008092003
2721432915858532000000000943011092011
2721432915858545000000000853015092002
2721432915860018000000024923001072003
2721432915860057000000000303008072008
2721432915860081000000000523010072008
2721432915860118000000001033015072008
2721432915860246000000000433003082008
2721432915860247000000029793003082001
2721432915860247000000030443003082008
2721432915860247000000034113003082008
2721432915860247000000042873003082008
2721432915860278000000025703006082008
2721432915860278000000026043006082008
2721432915860282000000022673007082008
2721432915860287000000000963007082008
2721432915860290000000000942010082001
2721432915860297000000017453010082008
2721432915860297000000021423010082008
2721432915860308000000018323011082008
2721432915860318000000000333012082008
2721432915860330000000011133013082008
2721432915860330000000011173013082008
2721432915860340000000031223014082008
2721432915860345000000000741019082008
2721432915860345000000001523019082008
2721432915860356000000000813020082008
2721432915860362000000018143020082011
2721432915860371000000000423021082008
2721432915860377000000028313021082008
2721432915860384000000000293024082008
2721432915860390000000019373025082003
2721432915860391000000001733025082008
2721432915860403000000000253026082008
2721432915860408000000020553026082003
2721432915860408000000021783026082008
2721432915860410000000000532026082001
2721432915860456000000011463002092011
2721432915860469000000018713003092008
2721432915860486000000014473008092001
2721432915860486000000019653008092001
2721432915860499000000004343010062012
2721432915860507000000004452011032008
2721432915860511000000001053011092003
2721432915860513000000021713014092003
2721432915860513000000033663014092003
2721432915860513000000033833014092003
2721432915860521000000000453014092003
2721432915860527000000013312015092003
2721432915860527000000014063015092001
2721432915860527000000014963015092011
2721432915860527000000022663015092003
2721432915860550000000009281017062006
2721432915860550000000017003017062008
2721432915860578000000000303023062008
2721432915860592000000015713024062008
310000000111
