1211020200325
2721432915812483000000002171030062002
2721432915812483000000002181030062002
2721432915812514000000002421008072005
2721432915812543000000017493016072008
2721432915812576000000000401028072001
2721432915812577000000003431028072012
2721432915812601000000000171004082001
2721432915812617000000015443007082005
2721432915812623000000000061010082001
2721432915812628000000006242011082008
2721432915812628000000006822011082008
2721432915812629000000001512011082001
2721432915812633000000002911012082012
2721432915812647000000015613021082008
2721432915812647000000018893021082008
2721432915812649000000024763021082008
2721432915812649000000030803021082005
2721432915812665000000015113025082008
2721432915812666000000002683025082001
2721432915812666000000003793025082003
2721432915812686000000000782031082001
2721432915812696000000001653002092002
2721432915812699000000003763003092008
2721432915812700000000027133003092008
2721432915812708000000017273004092008
2721432915812717000000031373009092008
2721432915812720000000002433010092001
2721432915812722000000014633010092005
2721432915812724000000003142010092001
2721432915812724000000008813010092008
2721432915812728000000010812011092008
2721432915812731000000011333014092008
2721432915812731000000012663014092008
2721432915812731000000013183014092001
2721432915812734000000030093015092008
2721432915812737000000000801016092001
2721432915812737000000010042016092008
2721432915812737000000011482016092008
2721432915812737000000018763016092012
2721432915812737000000019223016092008
2721432915812739000000004323017092008
2721432915812746000000022953018092008
2721432915812747000000000902018092008
2721432915812748000000005113021092008
2721432915812748000000005233021092001
2721432915812757000000012583022092008
2721432915812757000000018463022092003
2721432915812759000000000063023092008
2721432915812761000000015213023092008
2721432915812766000000002611024092005
2721432915812766000000019793024092012
2721432915812767000000000292024092008
2721432915812767000000000733024092008
2721432915812771000000012033025092012
2721432915812772000000002162025092008
2721432915812775000000003903028092005
2721432915812776000000020533028092002
2721432915812786000000001741001102012
2721432915812792000000014663002102005
2721432915812801000000024193006102003
2721432915812802000000002262006102002
2721432915812802000000003203006102005
2721432915812802000000004033006102001
2721432915812802000000004053006102001
2721432915812803000000000051007102001
2721432915812806000000008112007102001
2721432915812807000000000742007102001
2721432915812811000000018423008102002
2721432915812815000000002693009102005
2721432915812815000000002703009102005
2721432915812815000000002713009102005
2721432915812821000000022493013102001
2721432915812823000000000023014102003
2721432915812826000000006132014102001
2721432915812826000000015463014102003
2721432915812826000000023123014102002
2721432915812826000000023563014102002
2721432915812826000000025033014102001
2721432915812830000000000472015102003
2721432915812830000000002833015102005
2721432915812830000000003253015102012
2721432915812830000000003273015102002
2721432915812831000000018543015102003
2721432915812831000000019873015102002
2721432915812842000000001191019102001
2721432915812842000000003171019102005
2721432915812844000000001881019102003
2721432915855461000000000961005102001
2721432915855471000000005052007102005
2721432915855471000000007293007102001
2721432915855476000000002462008102003
2721432915855483000000003282009102001
2721432915855491000000003993013102003
2721432915855495000000001902014102002
2721432915855495000000007202014102001
2721432915855506000000001963015102002
2721432915855596000000007513004082002
2721432915855611000000002292007082001
2721432915855622000000007893011082001
2721432915855648000000002472018082008
2721432915855655000000000502019082011
2721432915855655000000002852019082011
2721432915855680000000004203026082003
2721432915855680000000007173026082008
2721432915855686000000000632026082001
2721432915855701000000000681001092011
2721432915855701000000004553001092008
2721432915855701000000006613001092005
2721432915855752000000005453016092008
2721432915855752000000005683016092008
2721432915855753000000003043017092008
2721432915855759000000006173018092008
2721432915855759000000008063018092008
2721432915855766000000003833021092008
2721432915855778000000002443023092008
2721432915855788000000008803025092011
2721432915855811000000000461030092011
2721432915858003000000000723001072008
2721432915858033000000001053005102001
2721432915858051000000000593007102003
2721432915858054000000000623007102003
2721432915858075000000001413009102001
2721432915858076000000001123009102003
2721432915858091000000000353014102002
2721432915858100000000000311014102003
2721432915858109000000000422014102001
2721432915858151000000000181022042012
2721432915858270000000000913004082001
2721432915858395000000011383021082005
2721432915858420000000000343026082008
2721432915858422000000003642026082008
2721432915858439000000002143028082003
2721432915858440000000007512028082008
2721432915858450000000000843028082001
2721432915858482000000003063003062008
2721432915858507000000000263008092008
2721432915858523000000000613010092003
2721432915858548000000001033015092008
2721432915858557000000000733016092008
2721432915858585000000000251018092005
2721432915858601000000001243021092001
2721432915858648000000000243025092005
2721432915858658000000043363029062008
2721432915860008000000000083001101905
2721432915860008000000003793001072008
2721432915860013000000016413002102003
2721432915860023000000002543002102001
2721432915860030000000000642005102001
2721432915860043000000013332006102001
2721432915860043000000023073006102003
2721432915860043000000025193006102003
2721432915860048000000000163007102001
2721432915860048000000001083007102001
2721432915860056000000011103007102003
2721432915860056000000013503007102002
2721432915860067000000001533008102003
2721432915860067000000016713008102011
2721432915860067000000017003008102005
2721432915860067000000024103008102002
2721432915860067000000025083008102011
2721432915860071000000009602008072008
2721432915860074000000000453009102011
2721432915860079000000000943013102005
2721432915860080000000000523013102011
2721432915860097000000002893014102001
2721432915860097000000004912014102001
2721432915860097000000005003014102005
2721432915860097000000007921014102001
2721432915860097000000018463014102003
2721432915860097000000019643014102002
2721432915860097000000022653014102003
2721432915860107000000000123014102002
2721432915860109000000004722014102001
2721432915860109000000020243014102003
2721432915860114000000007871015102003
2721432915860114000000014653015102011
2721432915860114000000020903015102002
2721432915860117000000000241016102001
2721432915860123000000000681019102001
2721432915860143000000022223020072001
2721432915860173000000000383023072008
2721432915860182000000000643024072008
2721432915860247000000012441003082001
2721432915860265000000017653005082001
2721432915860270000000015893005082008
2721432915860278000000022563006082008
2721432915860330000000017943013082008
2721432915860343000000003733018082001
2721432915860348000000000253019082008
2721432915860351000000003851019082001
2721432915860362000000015783020082008
2721432915860371000000000823021082008
2721432915860377000000011622021082008
2721432915860377000000022433021082005
2721432915860389000000000583027052008
2721432915860390000000005043025082008
2721432915860390000000020713025082008
2721432915860390000000024553025082008
2721432915860391000000002193025082008
2721432915860399000000001292026082002
2721432915860408000000020513026082008
2721432915860417000000000163027082008
2721432915860417000000000473027082008
2721432915860420000000007411027082012
2721432915860422000000016453028022001
2721432915860429000000001123028082008
2721432915860433000000000303031082001
2721432915860439000000017303031082008
2721432915860441000000002383001092008
2721432915860441000000002393001092008
2721432915860445000000000813001092008
2721432915860455000000001073002092008
2721432915860456000000006862002092012
2721432915860456000000020283002092008
2721432915860469000000019343003092008
2721432915860469000000021593003092008
2721432915860472000000001283004092008
2721432915860478000000013603009032008
2721432915860486000000013073008092008
2721432915860489000000000913008092005
2721432915860498000000000223009092008
2721432915860503000000021763010092008
2721432915860513000000014762014092003
2721432915860513000000033343014092008
2721432915860513000000037263014092008
2721432915860527000000010302015092008
2721432915860527000000018983015092008
2721432915860527000000020233015092003
2721432915860527000000020943015092005
2721432915860527000000026453015092008
2721432915860532000000000363015092008
2721432915860532000000000433015092008
2721432915860532000000000453015092008
2721432915860538000000023473016092008
2721432915860538000000023923016092002
2721432915860538000000026663016092008
2721432915860544000000000513016092002
2721432915860549000000024153018092001
2721432915860549000000027393018092008
2721432915860556000000000633017092008
2721432915860556000000000983017092008
2721432915860561000000004723018092001
2721432915860561000000021473018092008
2721432915860561000000021853018092008
2721432915860566000000000483018092008
2721432915860566000000000503018092008
2721432915860566000000000733018092008
2721432915860566000000001043018092008
2721432915860569000000006821021092001
2721432915860569000000019463021092001
2721432915860569000000022843021092008
2721432915860579000000003481022092005
2721432915860579000000007922022092008
2721432915860579000000015203022092002
2721432915860585000000000083022092008
2721432915860590000000019853023092003
2721432915860595000000000433023092001
2721432915860595000000000682023092008
2721432915860600000000003803023092005
2721432915860600000000007772023092008
2721432915860600000000015583023092002
2721432915860604000000000433024092008
2721432915860615000000011702025092005
2721432915860620000000000343025092008
2721432915860620000000000353025092008
2721432915860620000000000363025092008
2721432915860620000000000723025092003
2721432915860641000000015553029092001
310000000268
