1080820200303
2721432915812056000000001822003032001
2721432915812121000000011363018032003
2721432915812265000000014023023042008
2721432915812334000000017533015052001
2721432915812348000000013223021052008
2721432915812381000000004823001062003
2721432915812398000000003272004062008
2721432915812432000000018973016062012
2721432915812434000000020623017062008
2721432915812448000000003383022062012
2721432915812472000000002203026062001
2721432915812473000000016483026062008
2721432915812478000000020423029062008
2721432915812499000000009912003072001
2721432915812504000000008013006072008
2721432915812509000000012712007072001
2721432915812509000000029023007072008
2721432915812513000000004193008072002
2721432915812517000000004643010072008
2721432915812519000000011083010072008
2721432915812519000000019543010072008
2721432915812522000000001322013072005
2721432915812523000000018493013072008
2721432915812529000000009622014072008
2721432915812529000000009972014072005
2721432915812533000000000031015072012
2721432915812534000000004962015072001
2721432915812548000000004651017072001
2721432915812562000000017523023072005
2721432915812562000000021703023072003
2721432915812567000000010723024072011
2721432915812572000000000021027072005
2721432915812572000000000031027072005
2721432915812572000000007353027072001
2721432915812577000000031103028072001
2721432915812578000000000211028072005
2721432915812578000000002333028072001
2721432915812578000000002743028072001
2721432915812582000000001691029072012
2721432915812582000000013443029072001
2721432915812587000000004111030072005
2721432915812587000000018803030072003
2721432915812593000000003622031072001
2721432915812593000000005173031072008
2721432915812596000000000201003082001
2721432915812596000000004203003082003
2721432915812596000000004433003082003
2721432915812597000000002432003082003
2721432915812597000000006563003082012
2721432915812602000000003511004082008
2721432915812602000000012293004082003
2721432915812602000000017863004082003
2721432915812607000000005741005082005
2721432915812607000000008531005082003
2721432915812608000000000151005082012
2721432915812611000000000201006082001
2721432915855462000000001893003072008
2721432915855473000000005413007072005
2721432915855473000000007593007072008
2721432915855506000000005203013072008
2721432915855510000000004423014072008
2721432915855519000000000431015072001
2721432915855543000000004053022072001
2721432915855548000000003013022072001
2721432915855554000000001993024072008
2721432915855561000000004163027072005
2721432915855561000000004473027072001
2721432915855566000000006522028072001
2721432915855566000000007673028072001
2721432915855566000000008043028072001
2721432915855578000000005013030072011
2721432915855578000000006893030072003
2721432915855578000000010943030072005
2721432915855583000000004983031072003
2721432915855583000000006853031072003
2721432915855583000000007983031072003
2721432915855596000000002513004082008
2721432915855596000000006013004082008
2721432915855601000000002953005082003
2721432915855680000000002613003062008
2721432915855720000000003153015062008
2721432915855725000000001603015062008
2721432915855775000000002623026062002
2721432915858007000000001013001072008
2721432915858008000000002903001072008
2721432915858024000000000423003072008
2721432915858029000000000363003072008
2721432915858029000000000483003072008
2721432915858049000000009523007072008
2721432915858085000000002993010072008
2721432915858085000000012433010072008
2721432915858085000000014043010072008
2721432915858167000000000091022072001
2721432915858168000000003773022072005
2721432915858183000000000073024072003
2721432915858183000000000083024072003
2721432915858188000000000011024072001
2721432915858202000000000623027072001
2721432915858202000000005663027072003
2721432915858225000000006683029072003
2721432915858230000000000583030072011
2721432915858244000000000513031072008
2721432915858244000000000523031072008
2721432915858248000000000743031072012
2721432915858248000000004823031072001
2721432915858259000000000011003082001
2721432915858282000000002451005082012
2721432915858407000000008483027052003
2721432915858407000000010493027052008
2721432915858407000000010913027052005
2721432915858482000000003003003062008
2721432915858517000000006833009032008
2721432915858583000000003922016062008
2721432915858658000000043873029062008
2721432915858687000000000432030062008
2721432915860004000000000723001072008
2721432915860004000000000733001072008
2721432915860018000000006273001072008
2721432915860018000000006303001072008
2721432915860018000000022073001072008
2721432915860025000000000773003072008
2721432915860039000000032473006072008
2721432915860049000000000261007072001
2721432915860049000000000271007072001
2721432915860049000000000281007072001
2721432915860049000000008091007072001
2721432915860049000000011982007072008
2721432915860067000000000423008072008
2721432915860071000000007142008042008
2721432915860071000000014783008042008
2721432915860071000000016173008072008
2721432915860081000000000123010072008
2721432915860081000000000163010072008
2721432915860081000000000743010072008
2721432915860083000000004823010072008
2721432915860083000000022073010072008
2721432915860083000000023193010072003
2721432915860083000000024943010072008
2721432915860085000000000052013042001
2721432915860085000000000062013042001
2721432915860088000000000883013072008
2721432915860089000000000493013072008
2721432915860093000000013943013072008
2721432915860093000000014373013072008
2721432915860101000000024013014072008
2721432915860103000000001523014072005
2721432915860107000000000203015072008
2721432915860107000000000213015072008
2721432915860107000000000223015072008
2721432915860121000000006541015072012
2721432915860121000000008742015072008
2721432915860121000000022613015072008
2721432915860143000000022453020072001
2721432915860149000000001493021072001
2721432915860151000000000081021072001
2721432915860162000000004692022072001
2721432915860162000000006352022072001
2721432915860162000000012783022072011
2721432915860184000000011421024072012
2721432915860184000000045833024072001
2721432915860191000000001713027072011
2721432915860194000000020603027072002
2721432915860197000000015263029042001
2721432915860204000000013623028072011
2721432915860204000000018423028072003
2721432915860204000000018443028072002
2721432915860204000000021453028072003
2721432915860214000000005562029072005
2721432915860214000000006432029072005
2721432915860214000000008743029072005
2721432915860226000000000202030072001
2721432915860226000000008133030072003
2721432915860236000000000753031072003
2721432915860243000000002873003082002
2721432915860247000000021002003082011
2721432915860247000000035393003082003
2721432915860247000000037853003082003
2721432915860247000000038513003082001
2721432915860247000000040543003082001
2721432915860247000000041003003082003
2721432915860247000000043183003082011
2721432915860248000000000943004082005
2721432915860254000000001393004082001
2721432915860257000000013053004082003
2721432915860285000000005611012052011
2721432915860292000000010763012052008
2721432915860495000000012353010062008
2721432915860496000000008192010062008
2721432915860496000000012763010062001
2721432915860511000000007242012062001
2721432915860559000000000413019062008
2721432915860559000000000433019062002
2721432915860559000000000583019062008
2721432915860562000000015853019062008
2721432915860578000000000323023062008
2721432915860582000000003742023062001
2721432915860582000000017643023062008
2721432915860592000000016023024062008
2721432915860624000000007252029062008
310000000199
